,T0,T1,T2,T3,T4,T5,T6,T7,T8,T9
0,0.04683758558370724,7.288711477861205E-4,0.01194972303920223,0.48927078145561437,0.0010353404660798536,0.3195562172975164,0.0013726455388335342,0.0010914275206099155,0.12774630449710703,4.111034535431131E-4
1,0.41481397388072294,0.24525402377121802,0.0025558324339855797,0.18479673325313237,0.001982128088471164,0.14438504567520974,0.0026278884745404487,0.0020895050623516336,7.078242006047287E-4,7.870451597633743E-4
2,0.6776544186306777,0.0012437519997234323,0.00227806904498084,0.0016959774329467201,0.001766713882134997,0.0019022436189457851,0.23781182971241605,0.0018624213147069222,0.07308306389211676,7.01510471350822E-4
3,0.06221867298444579,5.078521894275084E-4,9.301873302859515E-4,0.022880404409373216,0.451875321598478,0.18567588181207687,0.27460715766160526,7.604689218756556E-4,2.576104343607431E-4,2.864426580709492E-4
4,0.08790182393035254,4.8627341908563323E-4,0.00797237302786522,6.630813419350994E-4,6.907373818919472E-4,7.437258462493214E-4,0.29834757678317225,0.6026734721330514,2.466645006491888E-4,2.742716357473138E-4
5,0.0783741645936675,0.047833979632433896,0.6226949659479654,0.24557636149968184,3.570097679296994E-4,3.843970208265414E-4,4.733204982552096E-4,3.7634990480028266E-4,1.2748931568182833E-4,0.0038019618187577087
6,0.3561458845537549,2.931832355395521E-4,0.31649432802566013,3.9978400139573686E-4,4.1645833924460845E-4,0.2779784937311884,5.521369058804316E-4,0.04740564917861795,1.4871858825650074E-4,1.6536344046179981E-4
7,0.4615674251276469,2.3579677568970957E-4,4.3188781664227615E-4,3.2153195365335904E-4,0.0037689042108260636,3.6063693728611586E-4,0.10002895278708257,0.034692704068537424,0.39845916443013124,1.329958925041926E-4
8,0.12010542861775649,6.73719682283057E-5,0.8046690109686804,9.186826453651344E-5,0.007944925420549578,0.039349168762882504,1.2687816208929568E-4,0.027573173434101234,3.417475076477816E-5,3.7999650411159786E-5
9,0.28618969264192146,4.8627341908563323E-4,8.906634310234718E-4,0.05023504851982734,6.907373818919472E-4,7.437258462493214E-4,0.6595147662221015,7.281564015027752E-4,2.466645006491888E-4,2.742716357473138E-4
10,0.5628875945738927,0.4050351587379735,0.0010822717949386818,8.057299863561346E-4,8.393356683258087E-4,0.026719315453471917,0.0011127840536104617,8.848046391047261E-4,2.9972941805692706E-4,3.3327567426891594E-4
11,0.451601559552304,1.7779527145402144E-4,3.2565166072773076E-4,0.17890225630607287,0.010609643789566237,0.026164653959362277,0.2903333730976222,0.04169459742474669,9.018749561400584E-5,1.0028144252985526E-4
12,0.35844143952578106,0.0017077365320960134,0.0031279079202412826,0.002328665699028074,0.002425790542611389,0.002611879958177038,0.0032160923633823128,0.62431101943494,8.662574642099861E-4,9.632105595328373E-4
13,0.3888628763709635,8.779839374599757E-4,0.10389835102932117,0.0011972169248796664,0.0012471508877549592,0.0013428234430509585,0.5003183164439808,0.0013147122573144608,4.4536152092951596E-4,4.952071843445932E-4
14,0.21223438803770628,0.05213564311255188,4.08066005190896E-4,3.037970852908453E-4,3.1646796561611297E-4,0.0068298516738882,0.7271995023767613,3.336118488371902E-4,1.1301171003131604E-4,1.2566018412585913E-4
15,0.08067471202378289,2.3660928290137793E-4,4.333760132667937E-4,0.2966609591833896,3.360966694620991E-4,0.0072534684388829394,4.4559409109232764E-4,0.04514963122558059,1.200211821686129E-4,0.5686895318894728
16,0.08740834287911829,3.4469406821583857E-4,6.31345225547879E-4,0.06572817211882598,0.03562863079544925,0.055745621749172934,0.14622501336032584,0.607918915128189,1.7484770270411278E-4,1.9441697245085415E-4
17,0.3028651053238312,0.3103890155066807,0.07024252959143609,0.0010736634837568801,0.0011184442343663507,0.001204243329655076,0.0014828238043761055,0.0011790332336539537,3.9939996850654947E-4,0.31004574152373704
18,0.018831943389603395,3.7893353034832024E-4,6.94058579028432E-4,0.8338093916372635,5.382641624871093E-4,0.14406041455341734,7.136260250209456E-4,5.674233158497715E-4,1.9221583243920348E-4,2.137289745418634E-4
19,0.15382777901475475,2.9827744886462885E-4,0.1438944286290557,0.23497634956442198,4.236945225045924E-4,0.022175606532393144,0.004905612411065702,0.43917871250734386,1.51302652152885E-4,1.682367174427662E-4
20,0.7448634589417725,0.2314889333526939,5.192607753799979E-4,3.8657939661626854E-4,4.027029919629765E-4,4.335955043644207E-4,0.02117724248477844,4.2451844824004673E-4,1.438065102983243E-4,1.599015938930329E-4
21,0.2883000732080837,0.025473410237257552,0.001548717475615049,0.2720594561746806,0.025828939499268195,0.0012932171402045146,0.0015923801382164982,0.001266144432013396,0.3821607483505714,4.769133440892288E-4
22,0.3278651380865472,0.0011597272499075416,0.002124168442923192,0.10291762023017136,0.0016473591458405722,0.0017737328352796396,0.289303341151422,0.0017366008255299567,0.27081819384008465,6.54118192293914E-4
23,0.8371821514881626,0.02853698567513919,0.013657061982619866,0.05850511185361891,1.4596967116240928E-4,1.5716742724224006E-4,0.02713121145544846,1.5387722348403352E-4,0.0015486643479984807,0.03298179887512399
24,0.1712330349182199,2.58913336055505E-4,0.10605140277798263,3.5305364344075834E-4,0.7205549330814762,3.959923212031568E-4,4.8759816705679743E-4,3.877024646705088E-4,1.3133501903031246E-4,1.4603427086404638E-4
25,0.3306315448958331,2.823339213622687E-4,5.171257346693387E-4,3.8498990095472204E-4,4.0104720103304153E-4,4.318126929184775E-4,0.6666259133445568,4.2277295885900296E-4,1.4321522212771282E-4,1.5924412768559393E-4
26,0.3146457987101185,2.7553639553748113E-4,0.2653427922233576,3.7572081000952084E-4,3.9139151144098954E-4,4.21416287423092E-4,5.189035198739658E-4,0.4177332632619387,1.3976714487855122E-4,1.5541013542151998E-4
27,0.026247733190484544,0.09247259269529623,6.099134742663774E-4,4.540685413749635E-4,0.04896753314080884,0.09749834501918056,0.7328944533804539,4.986310037895304E-4,1.6891229316134702E-4,1.878172611837682E-4
28,0.11144993562330084,4.156321505434112E-4,7.612761518874389E-4,5.667550668344537E-4,0.841949728077638,0.04300629826123255,7.827386486240952E-4,6.223766284771036E-4,2.1083138177759378E-4,2.344280096844865E-4
29,0.21913906590810656,0.7556404832075083,0.02317254499668319,1.1970325894143828E-4,1.2469588639584393E-4,1.3426166885530688E-4,0.0014437517018069557,1.3145098310952602E-4,4.452929486253044E-5,4.951309373046116E-5
30,0.012266017927390398,2.468149664844398E-4,4.5206884902393197E-4,0.38493971940404365,0.3957370228734351,0.003971910679889624,0.20175245067700118,3.6958610275321033E-4,1.2519806362253473E-4,1.392104563557991E-4
31,0.8797663312142753,0.0014243467605893985,0.0026088482795114843,0.0019422360431883081,0.002023243536868176,0.002178452406186903,0.10639781635880506,0.0021328478402811253,7.22506657083395E-4,8.033709032108264E-4
32,0.10656738333705733,1.3700098657636522E-4,2.5093242601487517E-4,0.006172343139613047,0.8461493574464335,2.0953474049659293E-4,2.580069105644212E-4,0.04010867427291107,6.949440091923741E-5,7.727233941339161E-5
33,0.688645989520007,0.009084938681026968,0.015152910832429176,0.013117127817185862,0.010115656981122167,1.0520911061305962E-4,1.2954738449659302E-4,1.0300662236717693E-4,0.24146733775569137,0.022078275295060738
34,0.32806341048853993,0.5758895602606958,0.012051852888836893,1.236553806204161E-4,0.01465584873426538,0.021268928472167874,1.707789681749673E-4,0.04767881751548261,4.599947364573215E-5,5.114781757052928E-5
35,0.15333492589327294,0.236308463944352,0.06832201021498438,3.028145872324835E-4,3.154444891681613E-4,0.03914836538908719,4.1821360701350567E-4,0.0262050144213017,0.4755194936620602,1.252537915273296E-4
36,0.570463121162512,0.14249620536632773,4.363833881461481E-4,0.003794585016770451,0.08361137775595076,0.03159174663984681,4.4868625225242127E-4,0.08362971132392955,0.08339380283174189,1.343802625221343E-4
37,0.3124030498437773,0.4404778900018518,4.394327935214925E-4,3.271490399956052E-4,0.06323193302262875,3.669371783412343E-4,0.07731876945492322,0.10517782079076758,1.216985752500268E-4,1.3531929894287437E-4
38,0.0026750387496430276,4.452799557213612E-4,0.8697670589397792,0.07193902062177433,6.325073482368807E-4,6.81028818127546E-4,0.052716273107295195,6.667718972364467E-4,2.258703717213884E-4,2.511501904645181E-4
39,0.025608155392586485,7.288711477861207E-4,0.001335007943641849,9.938870598367774E-4,0.46808280467073676,0.0011147644307049527,0.011987360634393918,0.48936832191638757,3.697233503824398E-4,4.111034535431132E-4
40,0.6723782537820859,0.18895476154233637,0.0011841721443991051,8.815927849289127E-4,9.183625803427145E-4,0.1045583458563327,0.029463793537140737,9.681126420949395E-4,3.2795017793111437E-4,3.646549524072554E-4
41,0.19399998932026533,0.001797126134900176,0.6575904766438054,0.002450557160613375,0.002552765898010025,0.10743641064889477,0.0033844352040612526,0.02886300946098303,9.116007646527257E-4,0.0010136287638138795
42,0.036025411877306526,0.0017512914170664568,0.028712135825984288,0.4359637466065543,0.0024876590018614534,0.002678494526055013,0.0032981170377444128,0.002622421884855772,0.40895958812332117,0.07750113369925062
43,0.19909175710956664,0.0021319024474240225,0.0039048146040975245,0.0029070573883531623,0.003028306004781603,0.7794450336209162,0.00401490221224065,0.003192357125730255,0.0010814176386927388,0.0012024518481971941
44,0.14433348249336853,2.6490649591117034E-4,4.852054817067814E-4,3.61225902757335E-4,0.5752023658315442,4.051584974949711E-4,0.27826718888820395,3.9667675267978964E-4,1.3437507782252073E-4,1.4941457851071834E-4
45,0.07548334785125356,0.15635583766177077,0.1797385087503118,0.00207112030746068,0.0021575033533346773,0.0023230116818776566,0.15769737259929215,0.24558962429565429,7.704512615801905E-4,0.1778132222374641
46,0.2610381932481339,0.001854650659172451,2.1827077518170912E-4,0.6301424197428943,1.6927582130467684E-4,0.08695635532459889,0.019314725087043377,1.784459276911147E-4,6.0448930416554614E-5,6.721448356325736E-5
47,0.06270645839338572,1.6302152051508265E-4,2.9859190548734766E-4,0.007344653413861964,0.11418928952811461,0.7219815718917352,0.09289765929454968,2.4411197299038329E-4,8.269344030470858E-5,9.194863905528863E-5
48,0.031133380432840543,0.38144076250378023,4.654531290765488E-4,3.465206661525498E-4,3.609734772677304E-4,0.18913156429120853,4.785755502099367E-4,0.3963705331580013,1.2890476880513546E-4,1.4333202265735145E-4
49,0.2418532651228797,6.287595892359956E-4,0.001151642576085825,0.010014143027888694,8.931348814520452E-4,9.616498439730002E-4,0.7428823076074427,9.415182939041552E-4,3.1894128697989546E-4,3.546377701578561E-4
50,0.10336199421325702,2.58913336055505E-4,0.030639135328023884,3.5305364344075834E-4,0.8185908807664226,3.959923212031568E-4,0.045734958637032044,3.877024646705088E-4,1.3133501903031246E-4,1.4603427086404638E-4
51,0.35078188629070317,2.242459934487936E-4,0.023270946526779083,0.1701245231345706,0.006850025042284402,3.429707129773304E-4,0.02001678115192594,0.08524516173213191,0.3430169784828081,1.264809323705828E-4
52,0.6268526479291193,0.36179676536599636,8.262959625012297E-4,6.151610322894587E-4,6.408183943851007E-4,6.899774286875707E-4,8.49591548938196E-4,6.755331741191826E-4,2.2883827254993185E-4,0.006824370891413619
53,0.07789657298987147,2.7553639553748113E-4,0.6224729801742388,0.21304875408412977,3.9139151144098954E-4,4.21416287423092E-4,5.189035198739658E-4,0.08467926775718437,1.3976714487855122E-4,1.5541013542151998E-4
54,0.0770653045408148,8.252260854356891E-4,0.16976284596218869,0.013143230244709543,0.7342673921876106,0.0012621334924942547,0.0015541058363236937,0.0012357115014161512,4.18599849996804E-4,4.6545029900953925E-4
55,0.2036951057062304,0.0014859949971266274,0.002721763828080931,0.6945344806553434,0.002110813080735187,0.002272739663291439,0.002798497937159884,0.0022251612514487536,7.537780177716928E-4,0.0874016648628117
56,0.26257110349429297,6.345702012626278E-4,0.0011622853532578074,0.010106687620305917,9.013886884275793E-4,9.705368243776858E-4,0.2599539487580655,0.10260549954331498,3.218887475190927E-4,0.36077209076917577
57,0.3178889608169694,3.1906730919424223E-4,5.844069882921691E-4,0.48833325232909996,4.5322592013060064E-4,4.879941926235395E-4,6.008830502941144E-4,0.17240380115169754,0.018748445468963097,1.7996277273545145E-4
58,6.514669366968846E-4,1.0844148286264273E-4,1.9862254320486658E-4,1.478705624362548E-4,1.5403800212207677E-4,0.08228726028830836,2.0422226634710835E-4,0.9161319064702512,5.500745706040919E-5,6.116399071026263E-5
59,0.6726136372494813,2.1049737810194185E-4,0.012647632558293001,2.8703375193344873E-4,0.034019734756861264,3.219430355796623E-4,3.964188840035852E-4,0.2731465585674318,1.0677579448021489E-4,0.006249768023833621
60,0.19977873302426224,5.193760524614046E-4,0.05389782960326944,0.6890131756176302,0.01586534016062965,7.943543261419086E-4,9.781142024259644E-4,0.03859667860955077,2.634559685997944E-4,2.929424350284845E-4
61,0.155137665150718,1.4510740238454626E-4,0.727217541586744,1.978681279326051E-4,0.1100941778350387,0.004448396743095254,2.732733064545964E-4,2.1728698260009034E-4,7.360641882706292E-5,0.002195076446205052
62,0.08230711348601291,6.718215896340271E-4,0.0207982943802067,0.8618983703300962,0.0303059717096266,0.0010275105746447187,0.0012652070406466444,0.0010060002705466415,3.4078469113944934E-4,3.7892592744584414E-4
63,0.002591028378628354,0.0443987035470423,7.899658710056631E-4,5.881139963582503E-4,0.23301179845740036,0.7041381647179799,0.007093295459183022,6.458317316121294E-4,2.1877684691466614E-4,0.0065243209938754
64,0.08989088441646868,0.09428842199174978,0.3828578079487892,6.275294890933884E-4,6.537027193245684E-4,7.03850147495275E-4,0.2555432724371908,6.891154760615189E-4,2.334393056787467E-4,0.1745119760681478
65,0.11672065885460836,7.697231051017461E-4,0.001409832811789437,0.001049592697065429,0.8306075711578268,0.0011772450338656908,0.04628818542390096,0.001152600130639115,3.904456996951959E-4,4.3414508550709043E-4
66,0.05643924668525287,3.395801364868375E-4,6.219784952249743E-4,4.6305071130475236E-4,4.823638003090641E-4,0.23295233076033314,6.395138027358423E-4,0.7076981493980532,1.722536365537153E-4,1.915325737455936E-4
67,0.023011527181688654,2.919367550285321E-4,0.1790994313146022,3.9808430337091535E-4,0.017420851266764827,0.5659014365934845,0.05156828002477624,0.16199570586415038,1.480863050990174E-4,1.6466039103473585E-4
68,0.34108678410517723,5.273536375622252E-4,0.02400581666648662,7.190982355700953E-4,7.490906486845813E-4,0.5921642527941744,0.03939298844775363,7.896708147625207E-4,2.675026365196253E-4,2.9744201330901175E-4
69,0.37955712455776885,0.591689643402643,2.455434977719048E-4,1.8280228685143134E-4,0.027523027940206276,2.0503485302139423E-4,2.524660534129436E-4,2.00742574043419E-4,6.800196590081621E-5,7.561286838017992E-5
70,0.238277966243051,4.2594503784145426E-4,0.03799896789923245,0.7201443337824152,6.050426544426454E-4,6.514572281577834E-4,8.021603787682355E-4,6.378193703776727E-4,2.1606264282494125E-4,2.4024476288853904E-4
71,0.11025509746539394,0.06729181885222663,6.475995120249604E-4,4.8212505253144265E-4,5.022337011598217E-4,0.06232991578190748,0.7575829970711299,5.29440991811217E-4,1.793492409031954E-4,1.9942233091140273E-4
72,0.34862969702173324,0.0015532211439662008,0.0028448959349339233,0.024737879081125874,0.024826216103741923,0.5904932236722974,0.0029251014813289644,0.002325827146906594,7.878787999446791E-4,8.760596140211894E-4
73,0.12584700151160547,1.5051463175463488E-4,2.756841584923435E-4,2.0524141375524195E-4,2.1380169796268158E-4,0.46712163773927795,0.07042677059581774,2.2538388554746384E-4,7.634926159847432E-5,0.33545761510418803
74,0.7871368738963678,9.253089695232349E-4,0.0016948054925601966,0.0012617492322935361,0.001314374732329469,0.001415204223366293,0.0017425867835715544,0.0013855777903575444,0.20260161907042437,5.218998092061187E-4
75,0.9780074220175411,0.0018963906303430661,0.003473448720594528,0.002585914003618588,0.00269376825389856,0.002900415015534314,0.0035713749220732866,0.0028396966049074016,9.619531512722837E-4,0.0010696166802168505
76,0.18240941961061102,0.006205640217549248,0.6685241553428525,0.07022655121218974,0.023794006253782495,6.098447912214398E-4,0.04720614416212543,5.970780643034833E-4,2.0226144036645076E-4,2.248989049981346E-4
77,0.0023278444950354297,0.13017785149756914,0.028925021683911093,5.283762772218593E-4,5.504139889035861E-4,0.09088158711927996,0.2320951666903831,5.802313295959988E-4,1.9655457382567064E-4,0.513736952344274
78,0.1004297691712341,3.220603118168543E-4,0.1272262890380537,4.3916071774005306E-4,4.5747739412526435E-4,0.6430550460619635,0.0193674677715272,0.10835771200237342,1.6336662230603393E-4,1.8165090885986348E-4
79,0.1986617575080459,1.460332084727772E-4,0.030041480162662965,1.9913055503485182E-4,2.074359653041279E-4,2.233489787620773E-4,2.75016829436258E-4,0.7658359248168846,7.407603836102978E-5,0.004335795937035344
80,0.8492929224345338,0.01369342319003789,2.4364082987031374E-4,0.13384821712463466,0.0021261515473309984,2.0344607857983424E-4,2.505097439996257E-4,1.9918705962100093E-4,6.74750321439111E-5,7.50269592483167E-5
81,0.28547251258357487,2.1923425127608784E-4,0.7123865638255531,2.9894733256782287E-4,3.1141593762668457E-4,3.353055557997331E-4,4.128725878197843E-4,3.2828613950465415E-4,1.1120761488032708E-4,1.236541713968152E-4
82,0.09981793043714264,0.010195860165398649,2.1130322959572373E-4,1.5731108312659638E-4,0.8234043330419374,0.03881834256691749,0.027098581624647858,1.7274965371771525E-4,5.85193057201161E-5,6.506889179598761E-5
83,0.9296294115967291,0.041325531172948925,1.851706614795637E-4,0.0030824583293520788,0.004560509287561211,1.5462205150960765E-4,0.020802608129739806,1.5138513363225124E-4,5.1282029954065644E-5,5.702160709354828E-5
84,0.015426664765441685,3.1041302642700706E-4,0.3983826749566294,0.06371188838500152,4.409327607964279E-4,4.74757989446229E-4,5.845848847427252E-4,0.5203355432317385,1.5745848149091913E-4,1.7508151828553181E-4
85,0.0878501609324683,9.365149713251044E-5,0.03426823050525294,0.8757308935667301,1.33029253503531E-4,0.0015071022108042284,1.763690470318132E-4,1.4023579013548227E-4,4.7505166576196515E-5,5.282203036517443E-5
86,0.1266593054565426,8.352642526416935E-4,0.0015298786564726834,0.7918081882093508,0.0011864688062582672,0.001277486263398566,0.001573010200250348,0.07423559429461564,4.236917579730985E-4,4.7111210249588416E-4
87,0.21934759434254625,0.1191872377545406,8.782247655230937E-4,6.538210010200191E-4,6.810908072794836E-4,0.021681766686336344,0.6363386164544451,7.179872471457314E-4,2.4321967838802629E-4,2.704412627753573E-4
88,0.003096751104370343,5.154770916189958E-4,0.3762946168692964,0.030730940499335002,7.322203573448421E-4,7.883911008488911E-4,9.707714900375334E-4,7.718866163735451E-4,0.5858082015573224,2.907433134520409E-4
89,0.13277722320216284,0.0027599217636481476,3.248106374173709E-4,2.4181510751599444E-4,2.5190082076516373E-4,2.7122486201822013E-4,3.339679546777602E-4,0.8551014016248598,0.007837711569820565,1.0002245711404117E-4
90,0.2886741831982049,5.760152132912453E-4,0.15205054838339285,7.854530509242795E-4,0.5544684271745358,8.809805042666202E-4,0.0010847798204470654,8.625377173806508E-4,2.9218645185251244E-4,3.2488848570377327E-4
91,0.2166110161547324,1.1673762939073249E-4,2.1381785111389436E-4,1.5918316920608368E-4,0.48808776495877726,0.005278772522958819,0.2858326903740186,0.003574958376593471,5.921571677674667E-5,6.584324643215081E-5
92,0.19190894715108875,5.397903590046784E-4,0.024571952241581548,7.360569209920566E-4,0.3073492228314198,0.3545745762123559,0.11893289256128461,8.0829383213628E-4,2.7381122252065354E-4,3.0445666761557305E-4
93,0.43429357832197424,2.969873708192194E-4,5.439651444692776E-4,4.049713117177519E-4,0.40265561678402495,4.5422425947774916E-4,0.1605877841227664,4.447153530088608E-4,1.506482539390822E-4,1.6750907780245544E-4
94,0.09636211857263428,3.0901608368651324E-4,0.027567623052627444,4.213736375631476E-4,0.3559603573527912,4.7262144983485323E-4,0.3201011950124744,4.6272740946185067E-4,1.5674987565314304E-4,0.19818621755327304
95,0.013530511533742816,2.7225891650303063E-4,0.07979803372795692,0.6189062711639775,3.8673594689929826E-4,0.28589410489659317,5.127312122048756E-4,4.076864272998229E-4,1.38104628076911E-4,1.535615467456336E-4
96,0.06751512721085723,1.7552288835441762E-4,0.12813046224357943,0.041138213881325415,0.01558640193034796,0.7466728522514559,3.30553226581506E-4,2.628317932858653E-4,8.903481849749514E-5,9.899975571476094E-5
97,0.39467706527154106,0.17925984782510312,6.250697038124516E-4,4.653520550750139E-4,0.07006420890276588,0.0551915146667312,6.426921611099725E-4,5.110218858918052E-4,1.7310973033288432E-4,0.29839011779763647
98,0.03147101574987679,4.897416270659993E-4,0.015161451622161681,6.678105825463905E-4,0.8137685036437123,7.490302610372334E-4,9.223052135004834E-4,7.33349771618286E-4,2.484237656142225E-4,0.1357883677628663
99,0.664973522861629,1.599829713486688E-4,2.9302646736206305E-4,2.1815242035666107E-4,0.016536328139454604,0.009564156835101994,0.30784388138617697,2.3956198333442897E-4,8.11521218130649E-5,9.023481342250363E-5
100,0.26765388822161584,7.084758490771278E-5,0.12497385961124673,0.0011283769831779572,1.0063695318683067E-4,0.6047252111744682,1.3342361219275282E-4,1.0608871564184295E-4,0.0010677071493723597,3.99599941899419E-5
101,0.1255174287473065,1.359162788228247E-4,0.07150660610742357,0.36241177571959576,1.9306515821306092E-4,0.1407438171754233,0.06359610675257502,0.23574967934859023,6.894417776107985E-5,7.666053428854895E-5
102,0.2468674447807056,3.3625432418729905E-4,6.158869029697019E-4,0.7350006624402453,4.7763957975683474E-4,5.14280694761054E-4,6.332504715149189E-4,5.035145436293192E-4,0.005067514247801349,0.009983552014428531
103,0.005326046528310652,2.58913336055505E-4,0.2719583911678919,0.15871881528835413,3.677789343702443E-4,3.959923212031568E-4,0.004258211539554735,0.5584384815943653,1.3133501903031246E-4,1.4603427086404638E-4
104,0.20855599819940424,4.286037240716299E-4,0.12562209116488254,0.5873186069548214,6.088192416337712E-4,6.555235282861492E-4,0.038258284189150234,0.03809291738837511,2.1741127403859527E-4,2.4174433533619678E-4
105,0.9220728572425525,4.1816326975483396E-4,7.659121760514046E-4,5.702064953054234E-4,5.939888770744528E-4,6.395554835252673E-4,0.006877311488915536,6.261667814742173E-4,0.06719998255453526,2.3585563081108177E-4
106,0.001776481131678984,2.957084041341126E-4,0.009154559089464104,4.032273156189202E-4,0.021952386552536826,4.522681571228347E-4,0.9652057819516947,4.4280020045781157E-4,1.499994920155495E-4,1.6678770527617145E-4
107,0.018326276114293435,0.005739072879105332,0.006045736324994308,0.9564187854585856,5.238109238164726E-4,0.011304622595414785,6.944640447517271E-4,5.521871080863442E-4,1.870545352618432E-4,2.0799001569011568E-4
108,0.10088050363118406,2.0731966433881538E-4,0.22380371691670922,0.5014770522499427,2.944916101508982E-4,0.13618302160670162,3.9043445913796354E-4,0.03654136196237975,1.0516388408613757E-4,1.1693401536878474E-4
109,0.09465816892300172,3.035518218445367E-4,5.559886609592156E-4,0.12419334673896192,4.3118661736372266E-4,4.6426419113419575E-4,0.2834960616032636,4.545451048497578E-4,1.539781028895773E-4,0.49528890823573163
110,0.14264874457759294,3.11822656603102E-4,0.5863786818634693,4.2520067408772193E-4,4.429350998490181E-4,4.769139337246272E-4,5.872395687407117E-4,0.2683944115142131,1.5817352309064361E-4,1.7587658862872128E-4
111,0.18219359869057442,2.531853516202652E-4,0.08526923207514198,3.4524297673180275E-4,3.5964249750771734E-4,3.8723171471265183E-4,0.018912788157909872,0.7120078455345953,1.2842947172916346E-4,1.4280352947673705E-4
112,0.1931021746860089,0.1631157357032491,0.017539924191088196,5.254113498022778E-4,0.5953550789344343,0.028646281821547163,7.256393351947282E-4,5.769754230517747E-4,1.9545162868883745E-4,2.1732692693467382E-4
113,0.8710162753855878,0.04101112451751765,0.0012677252328130325,9.437964098432815E-4,9.8316061687342E-4,0.08169655682049876,0.0013034659408396377,0.001036420954836619,3.510897614297163E-4,3.903843597600356E-4
114,0.10403463261459785,3.4996438224808504E-4,0.07199354281738123,4.772106454983574E-4,0.04636660717013297,5.352494011167468E-4,6.590699186029916E-4,5.240442829696017E-4,0.7544758479266263,0.020583830840825892
115,0.18941193572140855,7.063771705402424E-4,0.0012938077419346488,0.7930722417295175,0.0010033884194712381,0.0010803612500948322,0.011617414014655695,0.0010577445494994596,3.58313173623443E-4,3.984162292541716E-4
116,0.2907399483632439,9.7802648855133E-4,0.0017913634464391019,0.001333634722819356,0.01563247902868335,0.001495832487039554,0.6143003518898472,0.001464518150749507,4.961085799709524E-4,0.07176773684265562
117,0.5827216924276524,2.006555573997078E-4,3.6752279724357867E-4,2.736134673318494E-4,0.301270820805007,0.08797265620560801,0.009144460853427773,3.004659989280124E-4,1.0178348420020779E-4,0.01764632840320137
118,0.34185070826582625,2.1853651708433617E-4,0.0131306603130859,2.9799590379129084E-4,3.104248263095715E-4,3.3423841346406246E-4,0.4587054749165923,3.2724133713970757E-4,0.18470145887666023,1.2326063004625484E-4
119,0.8766576684533853,0.0010863370568182584,0.001989746205114497,0.001481326770406972,0.11228711337311674,0.0016614869642954467,0.0020458426969435996,0.0016267047530570428,5.510496299811053E-4,6.127240968809705E-4
120,0.2038054217334632,1.906285962915494E-4,0.014229993758629328,2.599407256886179E-4,2.7078242887253895E-4,2.9155493294871223E-4,0.7804620093623058,2.854514091273736E-4,9.669726057025202E-5,1.0751979210257904E-4
121,0.516725659565541,8.77983937459976E-4,0.0016081244736593152,0.0011972169248796669,0.0012471508877549596,0.001342823443050959,0.0016534619851293363,0.0013147122573144612,0.4096062677435771,0.06442659878163327
122,0.18749218422184843,3.266566025045083E-4,5.983076165261272E-4,4.454282093969572E-4,4.640062926243316E-4,0.3477732931496841,0.048186914150092325,0.30970544343798284,0.10482352297561609,1.842433437242726E-4
123,0.015426664765441685,0.05003717793171342,5.685557143380902E-4,0.43892293267034443,0.04564708267469317,0.43897441215424465,5.845848847427252E-4,0.009506049204705339,1.5745848149091913E-4,1.7508151828553181E-4
124,0.07843690379915495,9.547450164283108E-5,0.7190203186114061,1.3018881597302523E-4,0.03350562016497615,1.4602248805428204E-4,0.06831022171424522,0.03073213353401426,4.842989426965136E-5,0.06957468647626376
125,0.2647796198278898,0.0011796508086411614,0.32857156110674823,0.0016085691927792982,0.001675659987008301,0.37975366841487407,0.019401096762833452,0.0017664347960148763,5.983834736453944E-4,6.653556295654241E-4
126,0.003847766864232202,0.028623256207692717,0.010500715672132932,8.733696497667878E-4,0.010237385470442008,0.7285315314994312,0.21574074735669294,9.59082485264935E-4,3.248911934592894E-4,3.612536008848233E-4
127,0.013685984829153466,6.653122481160707E-4,0.7182114369780545,9.072182870208951E-4,9.450568802803758E-4,0.0010175549296537359,0.001252948332612301,0.26260175023927185,3.3748279674822215E-4,3.75254479088406E-4
128,0.16791389008733434,4.0580684473463574E-4,7.43280020001485E-4,5.533573019044766E-4,0.7038493849670042,6.206570772088306E-4,0.12487122598544162,6.076640017107979E-4,2.0584744875570596E-4,2.2888626590388333E-4
129,0.16168048268332103,1.7507536430526747E-4,3.20669850622359E-4,2.3873237348979946E-4,2.486895109368568E-4,2.67767203315741E-4,0.7575793423343259,0.038507092565416366,0.040883400774472944,9.874733979363683E-5
130,0.16319414578550426,0.008144772125155405,9.585447893617278E-4,7.136176731815564E-4,7.433815009886033E-4,8.004084481348168E-4,9.85568838864144E-4,0.8238989218794224,2.654638818460276E-4,2.951750775410214E-4
131,0.3950505458644947,2.3103655169239592E-4,4.2316894106429395E-4,0.5218338483970106,3.2818076533450396E-4,3.5335646197781005E-4,0.06772784860457046,3.459591610256602E-4,1.1719438780362289E-4,0.013588860865026007
132,0.9720237005504783,0.0010694182485891217,0.001958757540723739,0.0014582563215109303,0.0015190778113410265,0.01720979008421589,0.002013980375724487,0.0016013701613760726,5.424674841766592E-4,6.031814218636398E-4
133,0.15383650080349776,1.5669721668218242E-4,2.870082450823896E-4,2.1367197267432611E-4,0.8263127186566842,0.016213777563954503,2.950998075307888E-4,0.0025166587696743735,7.948540715778188E-5,8.83815570616354E-5
134,0.3886847320589514,0.5251967217120119,2.2693530144729602E-4,1.6894885202955393E-4,1.7599543275335637E-4,1.8949655193409109E-4,0.018277072840821255,0.005598651437962624,0.06141156316712013,6.988264496863502E-5
135,0.30590317409725865,7.437765173901849E-5,0.21785511658431117,0.006600492413969336,0.03043465031537856,1.1375612939250034E-4,0.014221392571591464,0.42255100369830156,0.002204085488700016,4.1951049357917376E-5
136,0.2900169337397203,0.1655139140758443,0.0010916657944917748,8.127236335777846E-4,8.466210091524117E-4,9.115677578643474E-4,0.539275589837218,8.924846455718588E-4,3.0233103627560673E-4,3.361684702835403E-4
137,0.2799068892367199,0.04990059030110493,0.4572375730084387,1.0142119883465157E-4,0.19399460922960143,0.01852779123894077,1.4007160546631545E-4,1.1137471454711152E-4,3.772841698845451E-5,4.1951049357917376E-5
138,0.0034316496378994817,5.712234258359873E-4,0.0010462587432657257,7.789189803142208E-4,8.114064190043985E-4,0.017511363206231135,0.7497727710190819,0.2254644669881883,2.8975579491450677E-4,3.221857852642174E-4
139,0.1555627872464125,2.2064317173616315E-4,0.0036174086472578726,0.8068332270048894,3.1341726854811633E-4,0.029256947371757422,0.0036288022638180004,3.3039588766679135E-4,1.1192229647323088E-4,1.2444884144057234E-4
140,0.023150767391538752,0.6627908521104873,0.020399128737319562,0.020090742205283223,0.010532102850489394,0.0010077903556881236,0.11639430303132028,0.14492841555078953,3.3424427307256064E-4,3.716534940111356E-4
141,0.17490806569966932,6.374446907419255E-5,1.1675502979609052E-4,8.692181483852122E-5,0.39370038782769684,0.003810793701707049,0.4271495907765068,9.545235539307793E-5,3.2334684595549404E-5,3.59536407227392E-5
142,0.3322291186750508,2.3418838778849235E-4,0.11297670803024272,3.1933875952422754E-4,0.007153734594280277,3.581770050628428E-4,4.4103494385926774E-4,0.5460368177152473,1.1879317162823249E-4,1.3208871731577182E-4
143,0.122430594839141,0.0015532211439662008,0.0028448959349339233,0.0021179688628666545,0.635563791996741,0.002375557997557697,0.18388438322740275,0.04756564758342504,7.878787999446791E-4,8.760596140211894E-4
144,0.17382374679351648,4.0580684473463574E-4,0.3435149689785646,5.533573019044766E-4,0.03603557716842431,6.206570772088306E-4,0.4440034881192763,6.076640017107979E-4,2.0584744875570596E-4,2.2888626590388333E-4
145,0.17331074310913322,1.498576621875116E-4,0.019916179580701545,2.0434557152928243E-4,2.1286849162039227E-4,0.7335192843368911,2.822192263838539E-4,0.07224396215141958,7.60160106662706E-5,8.4523859467217E-5
146,0.3113532706264439,2.8349958451862647E-4,5.192607753799979E-4,0.004515247856762255,0.5330009343507953,4.335955043644207E-4,0.14916596474930402,4.2451844824004673E-4,1.438065102983243E-4,1.599015938930329E-4
147,0.028471479504425027,1.3564778039295978E-4,0.0022239231330556763,1.8496900863430074E-4,1.9268376392908844E-4,0.9662119300559326,0.002230927740471662,2.0312193874076905E-4,6.880798065770483E-5,7.650909376010486E-5
148,0.33919579563025526,3.987374020068679E-4,7.303315554788359E-4,5.437174256811865E-4,0.459311717419461,0.02383745605339096,7.509216377863916E-4,0.0528592034041849,0.12214722056675642,2.248989049981346E-4
149,0.32993275101115965,0.3578309112218346,0.0013209860530435822,0.23205442752729954,0.011527692391198404,0.001103055807573061,0.011861454672427198,0.0010799640103268374,0.05288197176421573,4.0678554092124074E-4
150,0.14545801215861112,0.20679867601960786,0.0013639641248127542,0.001015444365098605,0.6409096783801269,0.0011389435533626928,0.0014024180754653927,0.0011151004681546916,3.777426107679496E-4,4.2002024399179444E-4
151,0.08476381346899407,2.4860212844605344E-4,4.553422333835347E-4,3.389933039068746E-4,3.531321610350096E-4,0.5217248675740715,4.6817960018377685E-4,0.384139848599046,1.2610461001297816E-4,0.007381116320920058
152,0.1933277569319164,3.205568243265057E-4,0.5701247872864688,0.10780896300817512,4.553417334618799E-4,4.902723161210708E-4,0.12198056485176369,4.800087656809409E-4,1.6260397113802136E-4,0.004849144310947577
153,0.14716416058937504,1.2412329775053377E-4,2.27345517779515E-4,0.8352969063891775,1.7631356836492028E-4,0.007420381535412992,0.009271933075093112,1.8586492760109099E-4,6.296213211928482E-5,7.00089673262496E-5
154,0.20286001687203442,0.7703238458823177,0.014795409237758222,1.7048696321432695E-4,1.7759769604390273E-4,0.011116027666633277,2.354575071375361E-4,1.8721861977746756E-4,6.342069816914652E-5,7.051885691418276E-5
155,0.17280250872846248,0.6701688693626194,0.15349243607803267,5.501062527773874E-4,5.730502862543726E-4,6.17010632782893E-4,7.597451705260364E-4,6.040938933639374E-4,2.0463806710250009E-4,2.2754152807823524E-4
156,0.30030930383663956,4.2594503784145426E-4,0.32954625458909864,0.29833123814601303,6.050426544426454E-4,6.514572281577834E-4,0.06903663173171565,6.378193703776727E-4,2.1606264282494125E-4,2.4024476288853904E-4
157,0.015363435950841754,2.3908075226071994E-4,4.3790278214385895E-4,0.18834250672043276,3.3960732048207075E-4,0.5748605107425704,0.05964062708670157,0.08740267914042059,0.07323880135817609,1.3484814597011414E-4
158,0.12402699094273824,2.800311175894732E-4,0.004591064288546116,0.2940091101074388,0.004475932527737925,0.00450644708664852,0.5673911068421809,4.19324690368986E-4,1.4204711398028877E-4,1.5794528277081874E-4
159,0.17911302421409547,2.969873708192194E-4,5.439651444692776E-4,4.049713117177519E-4,0.6362107002047953,0.11290667183244127,0.06976080723691123,4.447153530088608E-4,1.506482539390822E-4,1.6750907780245544E-4
160,0.5108765234992764,3.235779691927527E-4,0.052428398038970134,4.4123019192867047E-4,4.596331827028269E-4,4.948929748577057E-4,0.03830808994722238,0.39632101082510685,1.6413646121577009E-4,1.8250690952667834E-4
161,0.3473031552837895,0.07379104783241805,0.0035595078414118204,0.11569425681085779,0.319984443141572,1.7585249447484225E-4,0.1391963911537019,1.7217113028657855E-4,5.832332970045786E-5,6.485098178730192E-5
162,0.2523913925959369,0.012024137177906975,0.008329529444122496,3.668875546379683E-4,3.821898354126413E-4,0.24334980157625685,5.06704016460439E-4,0.4823611201832784,1.364811973069122E-4,1.5175641868043485E-4
163,0.6762016862321003,1.6617772637688376E-4,3.043728448345447E-4,0.1551119595847213,2.3605067260752595E-4,2.541588031067592E-4,0.16003848147439906,2.48838144342814E-4,8.429444071371945E-5,0.007353980076797026
164,0.138134380045158,0.1363360922816337,0.4242783408638308,0.10508736368354286,5.10113572721052E-4,0.011009013287456033,0.1837222341637487,5.377477362711934E-4,1.8216316792493383E-4,2.0255119771264306E-4
165,0.187045758286137,4.8627341908563323E-4,8.906634310234718E-4,6.630813419350994E-4,0.6026360531134406,7.437258462493214E-4,0.2062853520242295,7.281564015027752E-4,2.466645006491888E-4,2.742716357473138E-4
166,0.11464985835686375,3.3625432418729905E-4,0.08386399687353677,4.5851564112397026E-4,4.7763957975683463E-4,0.010308175985416003,6.332504715149188E-4,0.2257631062286932,1.7056660247387364E-4,0.5633386359364332
167,0.13461306501473339,7.446802859309965E-4,0.0013639641248127542,0.001015444365098605,0.8361187269699261,0.02282883784111815,0.0014024180754653927,0.0011151004681546916,3.777426107679496E-4,4.2002024399179444E-4
168,0.18190670861280792,5.573147625259866E-4,0.7720693520478308,0.01699255460155959,0.017024251006783512,0.008968680015102207,0.0010495622234889806,8.345352553885579E-4,2.8270055941240983E-4,3.1434091509988555E-4
169,0.23563317662969474,0.09080297411967102,0.05149800376557833,0.03621371089367011,7.833081611239867E-5,0.0603152003338214,0.2964396841537574,8.257419778115063E-5,8.31050322281856E-4,0.22810529476763147
170,0.24001718953307596,0.029227067008292962,0.051187622361956064,0.6615501767219443,7.006611393208726E-4,0.0079378627203006,9.289305485801794E-4,0.00792206959084114,2.502083057695442E-4,2.782120699183092E-4
171,0.0022153331856163776,3.6875856954631377E-4,6.754220154352891E-4,5.028383570802947E-4,5.238109238164726E-4,0.08648902292924104,6.944640447517271E-4,0.9081353054235605,1.870545352618432E-4,2.0799001569011568E-4
172,0.0850538781228344,3.7893353034832024E-4,0.022768036823438764,0.017072196594081348,5.382641624871093E-4,0.557947506636111,7.136260250209456E-4,0.315121613298697,1.9221583243920348E-4,2.137289745418634E-4
173,0.5799363000934815,5.078521894275086E-4,0.008326153431843605,6.925061047002637E-4,0.022909287708134215,0.38536696655413355,9.564119039721811E-4,7.604689218756557E-4,2.5761043436074314E-4,2.864426580709493E-4
174,0.07425920276510643,1.261760201557732E-4,0.1527460845617493,0.6727079859620431,1.7922940140101785E-4,0.007543098089913346,2.376208081505983E-4,1.8893871880829662E-4,6.40033853056339E-5,0.0919476602873666
175,0.7171024630592551,0.02821370794745078,0.13955988758218374,6.492871527528322E-4,6.7636785960487E-4,7.282539963055944E-4,8.967227260152356E-4,0.11166321065934937,2.4153309885680143E-4,2.685659182258598E-4
176,0.18644647560634414,5.712234258359873E-4,0.017683970194942514,7.789189803142208E-4,0.05072454077403476,8.736517545543498E-4,0.40038083053386936,0.0757250639230972,2.8975579491450677E-4,0.2665255690120928
177,0.24680485902847765,3.429723956484307E-4,0.06556038947162622,0.6797583598033841,0.005481966843590241,5.245555796025668E-4,6.459022699139867E-4,5.135743300543605E-4,1.7397437611982279E-4,1.9344590158259213E-4
178,0.31559469385007455,6.119491600264518E-4,0.01894475999630145,8.344524999729416E-4,8.692561510815593E-4,0.11679133855412821,0.0011524523738587105,0.23262714448545613,0.3122287967051998,3.451562239002268E-4
179,0.8372253715974496,0.03164169195907866,3.9524216268803836E-4,0.003436840240191938,3.0652267417640507E-4,3.300369159434219E-4,4.0638514096976873E-4,0.06946011335019195,0.05667608475988199,1.2171119942825791E-4
180,0.15711071424592798,0.059124697764243846,6.718141622265195E-4,5.0015238158849E-4,0.7803987137398745,5.609813302316102E-4,6.907544761043121E-4,5.492375299200676E-4,1.8605535950233767E-4,2.0687901038032283E-4
181,0.4254948100229963,0.5728960669902342,2.7812271460962235E-4,2.0705687064536175E-4,2.1569287459503774E-4,2.3223929946973292E-4,2.8596376918607207E-4,2.2737751207951973E-4,7.702460674684581E-5,8.564533943737744E-5
182,0.21803041908521306,6.991845678388336E-4,0.001280633696328637,9.534065061064814E-4,0.7137599625585972,0.0010693605983608777,0.06241103470341241,0.0010469741896670325,3.54664691752797E-4,3.9435940272249456E-4
183,0.3991761688967271,7.965088651864596E-4,0.0014588938873968233,0.0010861176993473152,0.45352121728293554,0.07081664291237873,0.07109845484774265,0.001192709710783299,4.040329036765044E-4,4.4925299382538524E-4
184,0.12891583376976176,0.017465581335036697,0.2485305735640154,3.2263988666203145E-4,0.10026413457184696,0.224338516295788,0.2726633525148304,3.5430389002874795E-4,0.0070116100030227415,1.3345416900719333E-4
185,0.06990806589469187,1.9663335423808742E-4,0.8938083274766008,0.026040672217106865,2.7931201453380275E-4,3.0073884782053225E-4,3.70309481038734E-4,2.9444306437036014E-4,0.008690591008206128,1.1090664139275921E-4
186,0.04974669579480715,3.6291171954458293E-4,0.005949878177248083,0.9412542912902362,5.155056418413555E-4,5.550515720962335E-4,6.834529729107277E-4,5.434319076367859E-4,1.8408869283771995E-4,2.0469223084109128E-4
187,0.42928581568026886,0.30777672884598767,0.0024089703844214537,0.0017934308960552742,0.001868231970047799,0.0020115494532930746,0.19401532906804042,0.05943097182649125,6.671515369943857E-4,7.418203383997424E-4
