,T0,T1,T2,T3,T4,T5,T6,T7,T8,T9
0,0.012413223214575785,6.082214125135952E-4,0.0035804063254057383,3.074842511386041E-4,0.003368684033342083,0.015261127877550492,0.4577264143718162,5.460762940521196E-4,0.5059713030846421,2.170591349632564E-4
1,0.002402727560018187,0.012289981885776164,0.04296788852923486,0.011245478799474896,0.0015223783597376078,0.2565549175194959,0.25649115329547567,0.0018966009118580153,0.3528097431375057,0.06181913000142299
2,5.17432211815091E-4,0.004838426472999253,0.004869712882334872,0.6380304426871873,3.2784724119637524E-4,0.042099092450810914,0.24372674335781527,4.084368203383754E-4,0.0628277627112984,0.0023541031642041244
3,0.0013547994206001696,0.0011911180590850647,0.012750431922924304,0.040773052548072064,8.584066516851106E-4,0.001193331237099889,0.2938309817258681,0.0010694153841043648,0.13007055106138493,0.516907911989176
4,4.915743678464304E-4,4.3218434996512167E-4,0.006708581564552308,0.01062961313953048,0.7811457502670998,0.0025152121421953425,0.004584391375118095,0.0024702506104909362,0.1908682063091958,1.5423587400581644E-4
5,2.6107809728636303E-4,2.2953570231938394E-4,0.14290410879352902,1.1604098784613529E-4,0.14614185346857905,2.2996219519816772E-4,0.5387876018735611,2.0608285584226775E-4,0.17104182042740088,8.191559843762545E-5
6,0.0048923142991082365,0.004301244762716561,0.004597057323792866,0.0021744795523754804,0.003099791063261815,0.004309236766760673,0.004179403226688657,0.0038617644027500375,0.11740650385762387,0.8511782047449218
7,0.08051924439387607,6.136157489440494E-4,0.0036121610710947243,3.102113394383289E-4,4.4221631638841264E-4,6.147558885588884E-4,0.11885002144739559,5.509194633095763E-4,0.6996648399977053,0.09482201433328903
8,0.015388672762592115,0.006487943932591714,0.015346798977433735,0.0032473554259163932,4.3961699763485964E-4,6.111423934191371E-4,0.7030059589728275,5.476811945266123E-4,0.254707132278354,2.1769706470400844E-4
9,8.305249213595033E-4,7.301842747417717E-4,0.09224739326018697,0.6828536172242969,5.262241081926557E-4,7.315410065714195E-4,0.046442996066823436,6.555775816544583E-4,0.048074753280512826,0.12690718827566005
10,0.002905417756471382,0.014861248604221874,0.002730072346026334,0.0012913666449654016,0.22336421409493948,0.002559143230284272,0.7408931354712068,0.002293401073823943,0.008190399855936547,9.116009221241091E-4
11,0.0015217887007775788,0.0014866736612949012,0.007659945849261206,0.08507781902588535,0.029731507671282784,0.011336265524405968,0.06057413751993128,0.002691704064715614,0.7518145185413847,0.048105639441060596
12,0.0014549968746885465,0.0012792100638676928,0.4019698150752912,6.467002648127445E-4,0.1488367090405456,0.0012815869227928852,0.26009390332882076,0.0011485065744465727,0.18283205351423037,4.5651834050352007E-4
13,0.003750206295885905,0.008733770160431652,0.005403444092614297,0.1393780412976544,0.37089731412825594,0.0020258840204358678,3.3824322868428164E-4,3.1253640511712824E-4,0.4690363306937159,1.2422967720472942E-4
14,0.01629137265761661,0.001512207939271725,0.016187567836726747,7.644915423993309E-4,0.008375487339495677,0.3730846912670172,0.052469130676971044,0.0013576978552941657,0.5002749638890052,0.02968238899620234
15,1.4901719516346009E-4,1.310135430931691E-4,0.6704864208051046,0.04740708069178318,0.019661968120249892,0.038003934770301104,0.013382739545418718,1.1762721372680427E-4,0.17400318742946944,0.03665701068568968
16,0.0023087384296858037,0.0020298060328991186,0.8627583863291886,0.0010261614851789775,0.001462826448630593,0.011812997811376649,0.04108998868017109,0.0018224102823170656,0.07496429707751913,7.243874230331107E-4
17,0.0012029281119183826,0.0010575952248727332,0.001130329972442431,0.04639323930208998,7.621803471928807E-4,0.0010595603084195898,0.0061230339772869,9.495352664730644E-4,0.4059274519564919,0.5353941455328122
18,0.0012540470557282255,0.02235025170369422,0.7714079788587664,5.573844020803724E-4,7.945695265254549E-4,0.0011045867761965069,0.05950251871618161,9.898861731077863E-4,0.14164530825816188,3.934685295574412E-4
19,0.011672468944031171,0.002260264647187629,0.1520280575317019,1.9640546039606635E-4,2.799823480733384E-4,0.004132749936439893,0.19691265603574826,3.4880604631792444E-4,0.6320299626017807,1.386464483230177E-4
20,0.0011122503898629477,0.0056891748241983935,0.03402423881050059,4.943602520221336E-4,0.005416028565818305,0.005690991778112306,0.6935115676645084,0.02443446854506711,0.22927794061810822,3.489785518015746E-4
21,0.024212471367143207,9.597854601172417E-4,0.3062202725100037,4.8521625083574986E-4,0.5278457916531363,9.615688064976259E-4,9.325975781972007E-4,8.617192298112598E-4,0.13717805352138426,3.4252362287344305E-4
22,0.004995843181382761,0.004392265706067312,0.11050201516216206,0.002220494878420104,0.003165387401608791,0.27950038715547293,0.5544677664606303,0.003943485266901617,0.03524486410867546,0.001567490678678526
23,0.0019306061744093657,0.0018860577347966612,0.6204113863173271,0.04858205554790802,0.07207994074411776,0.0018866600857682869,3.149982883535117E-4,0.0034148107975617557,0.24781591566687297,0.0016775686428845801
24,8.133567758277846E-4,7.150903147998848E-4,0.0042095096188160906,0.08304726881600574,0.7860300411945472,7.164190010298162E-4,6.948339222529824E-4,0.010977745519128378,0.11254053684232666,2.5519799526557485E-4
25,0.0033131639244677424,0.0029128809203316976,0.10135117201291,0.0014725969688285183,0.002099234696768883,0.03098628224009157,0.5922581364083757,0.0026152568542698353,0.2619517410286058,0.0010395349453502507
26,5.350217541398304E-4,4.703825995710953E-4,0.06395802503659898,2.378003115346012E-4,0.03433289873565626,4.712566022948272E-4,0.13190016390474932,4.223211834960584E-4,0.06496352381419238,0.7027086060577666
27,5.326076986188889E-4,0.032052749084921416,5.004641917815302E-4,0.03858932098537468,0.15149180215541166,0.004981200100234039,0.60507235442059,0.07486956801140783,0.09174282290149835,1.671104501615794E-4
28,0.0013785323638873348,0.0012119836845900275,0.0012953362993560935,6.127141991076167E-4,8.734439450821975E-4,0.0012142356323500347,0.9529716214159446,0.0010881490610424073,0.01556454925482928,0.02378943414381031
29,0.08286540059089395,0.029334167717072184,0.00294773647871527,0.0013943251622255532,0.29432489761283925,0.0027631794685390424,0.4411857901535553,0.002476250131420656,0.008843406829767421,0.13386484585497155
30,0.0061418495885376565,0.0010313202917457776,0.04582151160081115,0.6812479483621222,0.1597450707957537,0.001033236554687578,0.01093972016998112,9.259449787698763E-4,0.07287011676725398,0.020243280890336904
31,9.35881562498613E-4,0.004787046039565461,0.2902684736048791,4.159698655234386E-4,0.008521446292314997,8.24340995260171E-4,0.6905762003124977,7.387411932847426E-4,0.002638258886381873,2.9364124779385784E-4
32,0.014914813948339035,3.351749253092259E-4,0.010047279395646081,1.694465350754833E-4,0.7446838093481204,0.008410008742298587,0.019703786905786874,3.0092837461220893E-4,0.20131513620811042,1.1961561670170308E-4
33,0.018656268248840157,0.018225777737363297,0.04862737564383284,0.0015837270525100868,0.0022576542320914116,0.018231598510887983,0.0030439623799745096,0.002812618195638756,0.08551005048395205,0.8010509675149089
34,0.0010297736227500643,9.053605575677631E-4,0.7512220896705936,4.5770192782867573E-4,6.524689293909919E-4,9.070427787936232E-4,0.21461499775179096,0.005174799759007168,0.02471266427709327,3.2310072518388613E-4
35,0.03900085552216109,0.0015459988984478478,0.4485612208700919,0.008230056077554664,0.0011141596987832344,0.046239761258228006,0.33668387874302597,0.0013880362179031131,0.034751006109292076,0.08248502660451208
36,0.002180777964420434,0.0019173052311501854,0.15908499370457768,9.692870903178954E-4,0.08451836512703396,0.0019208677141072054,0.5838192984461387,0.0109588059311459,0.1447086584501249,0.009921640340983206
37,9.433609695411112E-4,8.293879300292583E-4,8.864280152237537E-4,4.192942262826748E-4,0.7638175534132903,8.309289889683792E-4,0.016789555309232106,0.004740560459104852,0.21044694270938236,2.959879789452375E-4
38,4.957030283320358E-4,4.358142024653959E-4,0.23143422364700666,0.38656752789330123,0.1409948547320002,0.008835476225124664,4.234688757563846E-4,0.008790137068158524,0.22186726304953164,1.5553127832329617E-4
39,3.9330135043481537E-4,3.45784279238858E-4,0.045350407037756654,0.40333642996670016,0.018574725579306308,0.0036783409839705335,0.00533386055502846,3.104537161358458E-4,0.5225532946994783,1.2340183195014027E-4
40,0.003179308721195433,0.0027951975588717997,0.016454440463027218,0.0014131025486626358,0.002014423472978492,0.28560753396468014,0.002716017883484229,0.01597660460588884,0.6688458341083857,9.975366728256334E-4
41,0.006241581789683497,0.006161967152319325,0.04528006200934051,0.003084197039047066,0.003208832696702231,0.003371740062362692,0.13454552028072495,5.201637939044087E-4,0.7973791759659408,2.0675920997464197E-4
42,2.613671385186176E-4,2.2978982276431755E-4,0.033458785304112455,1.1616945756637499E-4,0.3610822895376211,0.001337323187237971,0.31796281719114966,0.0024205238103345303,0.21108701230055227,0.0720439222501427
43,0.0012153131182705086,0.0010684839250770526,0.04232483200578965,0.3711859486788304,0.02136145977809418,0.0010704692405662578,0.08855180395056517,9.593114120218472E-4,0.17845315308466084,0.29380922480612415
44,0.0013318698240038058,0.0011709587231876774,0.0012514898991447551,0.01751669103088842,0.10803375181169214,0.006814706730609026,0.3734815598575956,0.0010513158315221857,0.2350590172623258,0.25428863902903076
45,0.015254178161547624,0.003517958943151231,0.009386107605026926,3.056926748572552E-4,0.8482006537334305,6.058011041700674E-4,0.003500830216869856,5.428945462630605E-4,0.11847008858838894,2.1579442629473015E-4
46,0.0020483292821899916,0.0018008584605745004,0.0019247101785646256,9.104178244365779E-4,0.009974201857470319,0.7045903161460892,0.07983719119926477,0.010293227211954662,0.014450631170657612,0.17417011666879767
47,0.002084501095007792,0.0018326601419319073,0.001958698979541546,9.264950554842635E-4,0.08078705284533269,0.0018360653485810989,0.7169774833994639,0.10760047996615994,0.005876228101870746,0.0801203350666262
48,0.002084501095007792,0.01066224948879865,0.001958698979541546,0.009756084402351007,0.8401317366758725,0.0018360653485810989,0.0017807463032576646,0.0016454078037590263,0.12949047895800514,6.540309448255191E-4
49,0.00222182575833235,0.020775939962834285,0.011499009019153591,9.875315413229858E-4,0.0014077582119077895,0.0019570233353337248,0.7547999065498149,0.011165078561703182,0.19448880926798753,6.971177916096756E-4
50,0.002427432860165403,0.002134160284537665,0.08453845059949876,0.25813365552548184,0.09407773746069752,0.15637096856243152,0.022638084887487548,0.06360923926731057,0.31530864168549305,7.616288668961128E-4
51,2.9427196663979244E-4,0.003998176057225924,0.006508940360779956,0.005116737062168094,0.0026794231872247385,0.017709998499668554,2.51390473241375E-4,2.3228454592623778E-4,0.25635910575112103,0.7068496720960042
52,0.00443442083561169,4.1161457260931574E-4,0.6092582092070189,0.0021912117908456847,0.11531768384917485,0.002395500834343142,0.012298683473706714,3.695577889298957E-4,0.24722685825509955,0.0060962593926603215
53,0.0169072777227075,0.0166916165601904,0.0016773098012447033,0.015915632298739393,0.0011310082876952292,0.06962236801134605,0.47031432165061776,0.0014090264329108448,0.18649890609239417,0.2198325331421539
54,0.34364888302570945,0.015236269623103565,0.002798965245949741,0.0770284312924323,0.027122165154754418,0.015241135636291871,0.368449645591965,0.002351274650285445,0.14718862476696523,9.346050125429554E-4
55,0.0576051879452358,0.0019173052311501852,0.1683223953680469,9.692870903178953E-4,0.0013817501558109108,0.0019208677141072052,0.5376322901287925,0.0017214042676766707,0.22784527342134794,6.842386775139772E-4
56,0.0010297736227500643,9.053605575677632E-4,0.42407624776287967,4.577019278286758E-4,0.236197475102945,9.070427787936233E-4,0.18408138584040434,8.128552002376502E-4,0.1512090564814093,3.2310072518388613E-4
57,0.007434827388495926,0.007263269893581864,0.801307585381891,6.311410786364493E-4,0.036988732791299876,0.0012507527781082319,0.0012130686893180097,0.0011208742560622782,0.14234421293533953,4.455348072667673E-4
58,0.001411500653711866,0.01917759337686908,0.14481931089201605,0.02454286689483584,8.943327931653502E-4,0.04309539851079439,0.7246496706271939,0.0011141726891823918,0.03985228255181055,4.4287101042062965E-4
59,0.003179308721195433,0.01626220435598878,0.13765750163708004,0.0014131025486626358,0.7696338109086465,0.002800391225223511,0.029650031477718188,0.0025095978087718595,0.03589651464388753,9.975366728256334E-4
60,0.020179090929507575,0.019713461519621604,0.00362144376777897,0.001712999179356722,0.0024419358378164643,0.003394706120391332,0.6399694270905232,0.11731755794142996,0.19044013805516719,0.0012092395584069524
61,1.5297616683260105E-4,0.0020784366738710544,0.0033836479835435383,0.013027609525850936,0.524313411340094,1.347441072363889E-4,1.3068438497158182E-4,0.014376330324909543,0.442354161846074,4.799764661622225E-5
62,0.10466684041197089,0.0920214180094973,0.09835007234956569,0.046521112580412936,0.0663173534431378,0.09219240003573576,0.08941472354399525,0.08261911515475302,0.2950568030095206,0.03284016146141063
63,3.1217135324380007E-4,2.7445607868136895E-4,2.9333144151620085E-4,0.6969931401230504,1.977930917414409E-4,0.022754139900946737,0.04522502927870428,2.46413485686101E-4,0.22831636130010358,0.00538716394632609
64,0.0015304559098954463,0.0013455524450271545,0.001438091079023556,6.802394282980698E-4,9.697033473656588E-4,0.0013480525725891653,0.3513758779702918,0.027139066045291742,0.5812790223703854,0.032893938831832
65,0.00430632145852928,0.00232555806521889,0.07168307303113622,0.06953210358488451,0.2371656539118178,4.004667668063363E-4,3.8840105289228145E-4,0.0022847161973066337,0.5366635278343339,0.075250178097074
66,0.011418179627889663,0.4545499867411424,0.002049165425600809,9.692870903178954E-4,0.03833135680968782,0.0019208677141072054,0.34364685519593874,0.001721404267676671,0.1447086584501249,6.842386775139772E-4
67,0.0023547954993208865,0.0020702986745084447,0.44109112581284776,0.12074075376971585,0.001492008403044454,0.0020741454296437515,0.002011653239418318,0.0018587655819028183,0.05651074112824828,0.36979571246134946
68,0.033178447508616545,0.03241285995126137,0.005954375366779377,0.24439125566895892,0.004015029234836806,0.0861064880118267,0.5154045309036451,0.005001981313791505,0.07154680118518197,0.001988230855101597
69,0.007479817268575897,0.0012559876656747444,0.0073936005709317664,6.349602609735314E-4,9.051564271284873E-4,0.4187934655435488,0.001220409251782934,0.001127656928440523,0.1311031031256863,0.43008584295725705
70,0.00379213287098493,0.0033339827847573837,0.0035632731508142344,0.0016854835735616391,0.146968135146812,0.003340177550544661,0.7421294842567907,0.05118180713503829,0.042815707775523765,0.0011898157551723002
71,0.020578487139470636,0.007678959062812936,0.0014106562875005186,6.672623455713074E-4,9.512040954321639E-4,0.0013223354661899035,0.033077874796934977,0.001185023777578303,0.9326571635138269,4.710335146822666E-4
72,0.0012953312982320376,0.006625635988139315,0.5992785041566057,0.028009740719503476,0.14347756261429187,0.017601354728996807,0.0011065748184757036,0.0010224740258802016,0.19020279710936422,0.011380024540510703
73,0.0025870351760835654,0.0022744800971027657,0.002430904532297222,0.0011498556200069182,0.0016391564459849871,0.6049817730256876,0.0022100508065173888,0.0020420847355376867,0.07304230184919289,0.30764235771158904
74,0.010914090441874535,0.0018326601419319073,0.001958698979541546,0.5307018558674889,0.4339706267200024,0.0018360653485810989,0.0017807463032576646,0.0016454078037590263,0.01470581744873749,6.540309448255191E-4
75,0.01232930561334687,0.012044808788534428,0.29147347410245805,0.0010466324014040606,0.011466518517070439,0.012048655543669736,0.6104567701950032,0.0018587655819028185,0.03656172090019633,0.010713348356414127
76,0.003732183461712031,0.003281276219541406,0.0035069417595531963,0.017467727383172725,0.9034714249352971,0.0032873730529612883,0.0031883273740848047,0.00294601130585561,0.04213883898530201,0.016979895522519828
77,0.0012408642912406594,0.14826142467372158,0.006422065107045895,0.01631979042485076,7.862168711052805E-4,0.7789940655773839,0.006316133226242277,9.794803145477178E-4,0.040290627195090765,3.8933231877114603E-4
78,0.0073190913395958295,0.13044449403639186,0.006877375489209869,0.0032531054807375306,0.004637407275695996,0.006446784808084588,0.006252548812473396,0.005777348851213278,0.051635003401295634,0.7773568405053021
79,0.02417088253337134,0.0011843215949653499,0.0012657717851943314,0.850785783907305,8.53508623346271E-4,0.0011865221446895917,0.012562680036339632,0.01818117350110688,0.08938670087398484,4.2265499969673767E-4
80,0.003222708964728562,0.00283335436131426,0.0030282146532283937,0.09698829211767095,0.0020419220511201097,0.002838618925588841,0.0027530938166258298,0.0025438559339249125,0.14559327464001498,0.7381566645357831
81,0.019842774721541473,0.07277201771230117,0.07986117488895622,0.5935569736248965,2.6416010114909853E-4,3.6722746693291185E-4,0.005654124539707257,0.0038610686733671767,0.22368966695370257,1.3081131744554884E-4
82,0.017132401331990937,0.004883849650943237,0.1222291410632143,4.2438160522140304E-4,6.049697298100205E-4,0.1828389475780741,0.01294886767615314,7.53680012504869E-4,0.6578841820930443,2.9957925904358916E-4
83,0.0018551750241860255,0.0016310403152465518,0.8975784026892704,8.245668429163511E-4,0.0011754467536573812,0.0016340708986043162,0.0644504651155976,0.0014643885145683344,0.028804366016015343,5.820778299377943E-4
84,0.0030129545298155946,5.059259592591259E-4,0.08829090431134294,2.5576913524216814E-4,0.804741293368695,0.005381876223215876,0.022429140560639466,4.542328948190586E-4,0.07474735059179653,1.8055242517425662E-4
85,8.671313341470496E-4,7.623680494663381E-4,0.008160838332347821,0.0040584322570625594,0.05931773331467273,0.28358630161701115,0.04481700883980666,6.844729741359038E-4,0.5644164657194183,0.03332924756193161
86,5.75449420183712E-4,5.059259592591259E-4,5.40720364595154E-4,2.5576913524216814E-4,0.05155221449244328,5.068660039521107E-4,4.915945739525175E-4,4.542328948190586E-4,0.2770602746912428,0.6680569524643101
87,0.001707572087244308,0.0015012701654428342,0.42111751335529046,0.1671175635610869,0.13127561309496566,0.0015040596270743892,0.0014587436241643758,0.03751279103561101,0.23626910736664947,5.357660824706374E-4
88,0.005334501936227861,0.00469000908610549,0.7732777772272569,0.02496705387154011,0.003379963023202761,0.027294759288093166,0.14013337009223875,0.0042108066702666565,0.015038010899691511,0.0016737479053766716
89,5.988027774592093E-4,5.26457858792112E-4,0.4495100536095034,2.66148966702331E-4,0.05110792254016037,5.274360531448239E-4,0.46721391565335774,4.726669442887866E-4,0.02958871584577511,1.8787975081602335E-4
90,0.05177839910019489,0.021095809161242856,0.014347506876456187,3.565972068365301E-4,0.024297186976591067,0.0041050868549877785,0.4934543436033474,6.332983899420974E-4,0.38968004290132724,2.5172892907402914E-4
91,0.004695366602248048,0.004587021742321476,0.270542571512274,0.030787311794504696,5.682012147013913E-4,7.898963237647428E-4,7.66097437429393E-4,7.078732662143405E-4,0.6862742885097493,2.813715967927271E-4
92,0.0028019675595040146,0.0024634452232178044,0.05010748274697837,0.594678101988724,0.0017753385145519458,0.29918438031959577,0.002393663109788879,0.0022117423201786835,0.04350473572398736,8.791424934732474E-4
93,0.0025845624120064722,4.3399168643925234E-4,0.3726497966116639,2.1940301008749932E-4,0.28258863290041053,0.027616918579052994,4.216979862161332E-4,3.896485176356383E-4,0.28575834692225505,0.027337001374232724
94,0.006391267434068603,0.0014739710123768286,0.18946692943673765,0.08190964429411192,1.8258298449732037E-4,0.03321057096641829,0.08691021913776095,2.2746451476560704E-4,0.07649080366637337,0.5237365465528895
95,0.0014640198005499688,0.0012871428764862315,0.08819438157801032,6.507106710517385E-4,0.01333028301996361,0.0012895344751144694,0.8260284944752404,0.0011556288506884415,0.0661404548883441,4.5934936455065047E-4
96,6.664152992141009E-4,5.85901710374848E-4,0.11353903559682726,0.5930886066750978,0.02300481140684586,5.869903554292649E-4,5.69304848700703E-4,0.01181732103618711,0.2559325192844045,2.090937869186153E-4
97,0.001133613573480462,9.96654987347404E-4,0.0010651986486782472,0.13015226088429777,0.11115949656635665,0.005800299631298637,9.684227008240062E-4,8.948216072992453E-4,0.7474735499578382,3.556814425792798E-4
98,0.013531051242021365,0.0012559876656747444,0.5277997222872419,6.349602609735314E-4,0.006956390400573956,0.013360789322702437,0.364294447658511,0.013230124875331458,0.05848829544434068,4.482308426288525E-4
99,0.010724701029949785,0.02782997370385388,0.6786817065038284,9.104178244365781E-4,0.09673791933506824,0.0018042045775461596,0.0017498454694266398,0.00161685546419487,0.1706253226303339,0.009319053461361622
100,1.8325658948213606E-4,0.002489846779367938,0.15309216676129228,0.003186425788350897,0.4200638468171604,1.614156378488464E-4,0.01024771785367562,0.01722201123979318,0.3932958141317797,5.7498401248887676E-5
101,0.0016252826009577346,0.0014289225605513666,0.31821044669033394,7.223869045491271E-4,0.0010297859404989637,0.008315996113338452,0.4282223935229228,0.01505175920904993,0.2179986609229983,0.007394365534799363
102,5.461614509798693E-4,4.801764434989478E-4,0.05834935726300157,0.007183090432243884,0.7822908969575921,4.8106864384792476E-4,4.665744657767182E-4,4.311143398805798E-4,0.14960019694145257,1.713630617259547E-4
103,0.010632449941666438,0.0017853679445807838,0.079323813018207,9.025866471513289E-4,0.6378154157900883,0.044797384554621865,0.05334523288450857,0.0016029476941085694,0.16915764799237532,6.371535326917971E-4
104,0.008813065267497765,0.022869390387655324,0.222606759405058,0.015007824670742166,0.10088429368936903,0.03713182531393145,0.2082033784008325,0.0013286573391898557,0.36123715143671825,0.021917654089005686
105,0.010724701029949784,0.0018008584605745004,0.08868842765616254,9.104178244365779E-4,0.0012978301097105274,0.0018042045775461593,0.444244804605176,0.0016168554641948698,0.4482692185586472,6.426817136018296E-4
106,0.0017326363445762966,0.008862456836062984,0.874986988112355,7.701022609423321E-4,0.001097805727195247,0.008865287242252414,0.023497607227453164,0.008706812779313755,0.07093667325147371,5.436302183751231E-4
107,0.018656268248840157,0.003132702573698554,0.0033481501528386036,0.0015837270525100868,0.0022576542320914116,0.21444157563852967,0.501115442780911,0.03299876852296824,0.22134772695693478,0.001117983840677388
108,0.0023087384296858037,0.002029806032899118,0.002169403324893447,0.0010261614851789773,0.0014628264486305927,0.002033577549964203,0.3638108573067817,0.0018224102823170653,0.622611831716616,7.243874230331107E-4
109,0.003005628295487689,0.007799430137342784,0.012697296188416793,0.610581256719745,0.14868998627641875,5.056335196643278E-4,0.00292197734886631,4.53128392048122E-4,0.2131655497241637,1.8011339784669214E-4
110,0.0029054177564713816,0.02716810022074323,0.2734808079094962,0.0012913666449654014,0.06337514308016179,0.02717284646332699,0.0024820384799252174,0.0022934010738239427,0.5989192774489618,9.11600922124109E-4
111,0.016209722628672978,0.01583568577991844,0.05536427862135562,0.080058837513439,0.0019615899817438894,0.19943393681660812,0.5534243640185418,0.06801277479348741,0.008727436165333663,9.713736808992131E-4
112,0.15458023497021708,0.0012713744340108577,0.001358811570969825,0.012893471027701392,9.162452559703596E-4,0.24628837750811397,0.221748536855382,0.0011414715513024488,0.04082872182115737,0.31897275500517486
113,5.39916116293299E-4,4.7468564477472864E-4,0.02566424491165667,0.00938794420088744,0.0049160773881101695,4.755676428478459E-4,0.8946751600404191,4.2618456437939144E-4,0.0632708159587688,1.6940353186262598E-4
114,7.995829996002605E-4,7.029806302540111E-4,0.5731368415763584,3.5538944899242094E-4,0.0038935157101732394,7.042868158700033E-4,0.41727134103414754,6.311534738197877E-4,0.0022540319615478987,2.5087634923647104E-4
115,0.0012607440377617322,0.001108426065458884,0.21479648253982975,5.603609995768049E-4,0.14498679524608596,0.0011104855961497511,0.6152110271012745,9.951724579295865E-4,0.01957493618809983,3.9556976783327783E-4
116,0.0012882628558496178,0.0011326201717529632,0.0012105146632818114,5.725922471171674E-4,0.07721229782010272,0.00113472465673172,0.7596041659266355,0.08286980418941485,0.047286510204285905,0.027688507264827685
117,1.8973700255770182E-4,0.004185280854675723,0.07652916116085627,0.6663461782732509,0.11183360371185665,1.6712370004225757E-4,0.004180555514801877,0.004971930054836944,0.13153689803805307,5.953168906860747E-5
118,0.45155413060252836,0.001459056834215819,0.0718554285750465,7.376211833507022E-4,0.008081105597464661,0.029580178656162828,0.40913468260707564,0.0013099774727549287,0.02576711727972717,5.20701191673409E-4
119,1.7627802138001886E-4,9.016643108736375E-4,0.4272685921831745,0.03890589118515749,0.08672697462509373,9.019522757453987E-4,0.036738081386402985,1.3914563667274032E-4,0.4081861115626851,5.530881281437554E-5
120,0.008013204818123565,0.0013455524450271545,0.014403588895479795,0.23405920012451037,0.007452452255593779,0.059692792746642236,0.18930715526458886,0.0012080704123792632,0.1534175944273295,0.3311003886103255
121,0.0011228303758706135,0.005743291586560329,0.020079534288640784,4.990627224342004E-4,0.09107765336163082,0.3291610828233067,0.010471444866852668,0.03893524597234918,0.5025575558848971,3.522981174575517E-4
122,0.0010527334474139747,9.255464695003911E-4,0.027744390378083832,0.004927105287085633,0.11214697738762085,0.009845663078802974,0.8169326431144784,8.309786134444903E-4,0.02526365764713598,3.303045764334387E-4
123,0.01994434898187903,0.0012792100638676928,0.013693420824291142,6.467002648127445E-4,0.007085009552085247,0.13070705167312627,0.5004554807222971,0.02580097605070055,0.2937681661573733,0.006619635709567014
124,0.09168237041976009,0.11700966212319314,8.059184656066426E-4,0.08030693908582334,0.036873305966219266,7.554601212016501E-4,0.44395718556623215,6.770129286599463E-4,0.22766304036076576,2.691049625381524E-4
125,0.0077929875146481,0.048662947239170654,5.342096705868035E-4,0.200129608517933,0.01721730659361672,5.007629427932465E-4,0.12089345794819766,4.4876357725616564E-4,0.6036415775623385,1.783784334592316E-4
126,7.041831771074239E-4,6.191066267100853E-4,0.5166859531460496,0.23893692631345073,0.04817096125977799,6.20256968747649E-4,6.015691680150426E-4,5.558493097764714E-4,0.19288425023246702,2.209437978981166E-4
127,4.36173482951048E-4,0.002231032886842861,0.06507431381378767,0.00943164592938997,0.4030435937717169,0.0022317454126591836,0.27750603080529074,3.442949751186033E-4,0.23956431557357108,1.3685334867202123E-4
128,0.03415160544770849,0.12287062045201776,0.007495413988914514,1.8629325049611398E-4,2.655670651871614E-4,3.691833862315341E-4,0.28797173739197385,3.3084727904319334E-4,0.5426764375584537,0.0036822941799734923
129,0.0015923944710057318,0.014890227913999897,0.03522184175735377,0.014197989240231166,0.021244277991794416,0.008147719186793701,0.2779098612613951,0.0012569618195598807,0.3484895867873648,0.27704913957050153
130,0.0012153131182705084,0.0010684839250770523,0.00114196752895973,5.401683873610914E-4,0.7214701558842029,0.0010704692405662578,0.0010382169373015673,0.20172577573656772,0.07034813383298226,3.81315408710945E-4
131,0.0017716434180062928,0.031575112066779654,0.48194490516974364,0.008291817528104685,0.2412626120416618,0.0015604947858427365,0.001513478440889803,0.0013984525661546714,0.23012561494473008,5.558690380866587E-4
132,0.01875033332830639,0.0017404551181142971,0.31211824901482693,8.798811216166503E-4,0.0012542990503362113,0.07721187459797066,0.30356389556045654,0.001562623842748475,0.2571412012411564,0.02577718712446742
133,0.002084501095007792,0.010662249488798651,0.0019586989795415464,9.264950554842636E-4,0.0013207487235320134,0.3285308711826506,0.3373051414841939,0.0016454078037590266,0.2972526765484733,0.018313209638559008
134,5.163006078104437E-4,0.0048278450235880715,0.03328955443458492,0.7416092172498139,0.08561860452354915,4.547666862456468E-4,4.4106496318472617E-4,4.075435849908523E-4,0.13267310897230786,1.619939539244963E-4
135,9.705074283983954E-4,8.532546640221004E-4,0.09546270786595693,4.313599718778273E-4,0.8351282505618233,0.021409355658728296,8.290844843130607E-4,7.660732345582458E-4,0.04384490070603798,3.045054242838931E-4
136,5.89826470541113E-4,0.008013777524796213,0.12547442127607467,2.621592811147135E-4,0.5400289439735058,5.195295636111814E-4,5.038765916194814E-4,4.6558146686335187E-4,0.16905578299685267,0.15508610085502098
137,0.003055849291650563,0.11918313833091225,0.04170358660446185,0.7262252423618392,0.0019361990554572492,0.04152380742602893,0.04144271048351771,0.002412144701499682,0.02155852157693348,9.588001676991878E-4
138,0.002122918910744492,3.5647394466768853E-4,0.06220951181123669,1.8021418133502224E-4,0.7490689988834794,3.5713629739685647E-4,0.13946055021194173,0.005472427982550499,0.04064455106826702,1.2721670838048414E-4
139,6.897808329055909E-4,0.06488589861083413,0.4506043318101514,3.06585845690073E-4,0.20788437782978395,6.075711298240554E-4,0.0064328522964851925,5.444807719527813E-4,0.26782769593935263,2.1642493302028744E-4
140,0.002013391417368319,0.01029852258749075,0.0018918808553575223,8.94889044392288E-4,0.8796989302392445,0.001773430689681042,0.0017199987719248196,0.001589277145544937,0.09948795960434866,6.317196446471862E-4
141,5.972878011936673E-4,5.251259158037005E-4,0.013211284515421683,2.654756074881947E-4,3.78444080886813E-4,5.261016353161425E-4,0.3496514579326691,4.714710927846534E-4,0.6341859470050333,1.8740441340281037E-4
142,7.512399330096935E-4,0.0038426017673393433,7.059017113020255E-4,3.339024791508727E-4,0.029115101120803896,0.061122053614663836,0.0038238923750625463,0.026049982441296242,0.7403704254665647,0.13388489909080684
143,0.6981594131676957,0.008925135313208023,0.009538949983286265,0.0045120715772747275,0.006432104241566448,0.05194220640411645,0.05167280022584454,0.008013208209175634,0.15761895147591518,0.003185159401917049
144,2.957465418759859E-4,0.0165455272169348,0.3986465655381728,1.314500190865318E-4,0.0014401179209653423,0.017798742002893927,0.010274503446703116,0.01651896007738978,0.5382555941016036,9.279313437410692E-5
145,0.0022218257583323502,0.06783230537647805,0.011499009019153593,9.87531541322986E-4,0.0014077582119077898,0.23723885040355255,0.3501151639924786,0.0017538054789744306,0.3262466324261901,6.971177916096756E-4
146,0.0015304559098954463,0.0013455524450271545,0.2477825495916921,6.802394282980698E-4,9.697033473656588E-4,0.007830801480817285,0.3448931290620637,0.0012080704123792632,0.010797118446310885,0.3829623798761504
147,7.915404032537564E-4,0.034224204458546924,0.7216021071430768,3.518147683332755E-4,0.020618500202881685,6.972027550845204E-4,0.007381855595179544,0.0039776344989913654,0.21010678726227058,2.483529123815076E-4
148,3.855927780858075E-4,3.3900702528151614E-4,0.024861895534283474,0.0018046887559577311,0.9312281152641309,0.0019729418391628614,3.2940395943355846E-4,3.043689291672637E-4,0.03865300271637162,1.2098319812512009E-4
149,0.009347700451693662,0.08740886302475576,0.3255456106829544,0.004154758310937622,0.005922742602103493,0.008233619511822068,0.48312863032161596,0.007378638134205939,0.06594651196744712,0.002932924992464101
150,0.0017326363445762966,0.03087990856113558,0.0016280696844755082,7.701022609423321E-4,0.05981101032738882,0.008865287242252414,0.7574126647298729,0.001367662204289557,0.13698902842669147,5.436302183751231E-4
151,0.0038540396346207857,0.0033884102247348177,0.01994649506266576,0.001712999179356722,0.0024419358378164643,0.0523698600050517,0.49304396543654216,0.14996766053120353,0.1577900354653936,0.11548459862261447
152,0.002084501095007792,0.0018326601419319077,0.8849176336662159,9.264950554842636E-4,0.0189799274172655,0.001836065348581099,0.0017807463032576648,0.0016454078037590266,0.08534253222367144,6.540309448255193E-4
153,0.007134439945536406,0.0011979929791516132,0.1513477259008681,0.06986749163037406,0.15093070372078088,0.0012002189312334823,0.6014334273818035,0.0010755878581320882,0.0038412359437869654,0.011971175708332992
154,0.00979031271124446,0.009564402755921854,0.698756081241022,0.016671985533112072,0.2308776292582026,0.009567457342845021,0.001597390388244825,0.0014759871216126772,0.021112065503072562,5.866881447220935E-4
155,0.005864565681725069,0.02999732770193891,0.47749523753182205,0.22617826982295658,0.02855710867609091,0.030006907959825014,0.005009977535130365,0.054311804270203344,0.14073874065291525,0.0018400601673925362
156,0.0012408642912406591,0.0010909481091420782,0.7738109786223533,5.51525078645813E-4,0.011298393768575244,0.0010929751646065232,0.1692548751370267,9.794803145477178E-4,0.03503453874635578,0.005645420767506127
157,6.112049868682864E-4,0.013482159490973412,5.743180403870892E-4,0.03392813565704031,3.8726206868203763E-4,0.003127319699512323,0.06783508841537694,0.0030714162305919192,0.23214039355042437,0.6448427018601433
158,7.213974471556465E-4,6.342411385917938E-4,0.040402167420633336,0.8253639411075652,0.003512796414110333,6.354196015773241E-4,6.162749639606844E-4,5.694374505268867E-4,0.12426226359028132,0.003282060865597536
159,0.014040837603139865,0.0389786034011796,0.0076721566611573115,0.15136006669034216,9.39258463472555E-4,0.0013057290061440543,0.43453229285813394,0.02628700575596635,0.2553475554360971,0.06953649412436695
160,0.003958556757482465,6.647085460442003E-4,0.003912928144000042,0.04196860775297356,0.31432453976705776,0.003868448744537625,0.01665840494492626,0.0037992969708337226,0.6074047852554072,0.0034397231167371876
161,0.03155237389063881,0.008994480529970133,0.0016523229787548165,7.815744460323776E-4,0.0011141596987832344,0.0015488714690943006,0.29944147058541454,0.0013880362179031131,0.11668430405603722,0.5368424061273714
162,5.063346021130137E-4,0.004734654486363191,0.24497688760676967,0.48922727157423723,0.004610308922346277,4.459884525624716E-4,4.3255121001546865E-4,0.032570875688065944,0.22019151384058747,0.0023036136169393355
163,0.025052574457801926,0.0023254456693415633,0.03609673036048577,0.00117562109042818,0.0016758859589690546,0.1367751871626766,0.09188985311344701,0.0020878428924190613,0.44440390915781175,0.2585169501366192
164,0.007390375486139406,0.0012409688795864602,0.4198475531836829,6.273675651256788E-4,0.10851407977686107,0.013201024348656694,0.3539594310166863,0.0011141726891823918,0.0936621560436584,4.4287101042062965E-4
165,0.001260744037761732,0.00644872171299134,0.7007633864652834,0.14474834348295315,7.988127627096207E-4,0.022471668186279575,0.0010770276350418294,9.951724579295863E-4,0.1210405534912165,3.955697678332778E-4
166,7.371654240918082E-4,0.1255483594300278,0.14745047663715963,0.00969516595372097,0.006712083902132928,6.493083139119197E-4,0.14114253247610797,5.818839550465478E-4,0.2425110677563498,0.3249719561514507
167,6.257862034417861E-4,5.501812568797746E-4,0.180837189763547,2.7814224932173377E-4,0.5040338889519127,5.512035309126526E-4,0.011137488632321849,0.0031446894960393992,0.29864508387249755,1.963460431256219E-4
168,0.00920692899607195,0.0015459988984478478,0.38152488618639135,7.815744460323776E-4,0.15753227396075123,0.008997353100616586,0.07598702163974598,0.0013880362179031131,0.3028963448440944,0.060139581709945225
169,0.12389708726249493,7.737358373647547E-4,8.269485216628767E-4,0.12340818550042591,0.08629674987703113,7.75173490947014E-4,0.4443586695201018,0.06033929792265562,0.1515924476065044,0.00773170446081171
170,0.002531552469284335,0.0022257005855155754,0.0023787702727134205,0.001125195305057946,0.280407783258892,0.023676280771844707,0.6455559935917331,0.0019982892782171016,0.03930613713711871,7.942973296232406E-4
171,0.002378520071833807,0.032316166950682526,0.13321001693929288,0.8070574441628853,0.0015070403926835216,0.002095042451768228,0.002031920652517755,0.0018774926513426453,0.016780073686847932,7.462820401454919E-4
172,7.105413840048093E-4,0.015673354226336207,0.8584411405988616,0.07555910108376751,4.5020203068663495E-4,6.258573895828105E-4,6.070008530618783E-4,5.608681813289631E-4,0.0471489955099381,2.2293874243158425E-4
173,0.1313169712451075,0.032056236285992856,0.0016900887640999382,7.99438249380519E-4,0.19160776115510306,0.13872133068706421,0.42056643925103704,0.0014197614184423488,0.08125763387852117,5.64339065251364E-4
174,0.02231598291175994,6.401091134476828E-4,0.016104068308510015,3.236049690885506E-4,0.0035452966727306167,6.412984795278674E-4,0.003705964019724846,5.747058641291837E-4,0.08223611107404324,0.869912858587038
175,0.00911735255818422,0.009001055961888563,9.044995331629845E-4,4.2784233509912575E-4,6.099031123914335E-4,0.053853805052138035,0.783679224396967,7.598260916596364E-4,0.14134446870269135,3.0202225581763004E-4
176,0.023248039473050947,6.668441177488682E-4,0.20311873468290711,3.371207589104908E-4,0.003693370680432084,0.0681367595662823,0.5918020714871426,5.987092151620322E-4,0.1081603698940604,2.379801243032854E-4
177,0.0016141699792614611,0.0014191525206584147,0.0015167529049315296,7.174476943564714E-4,0.09674560793636185,0.0014217894021450546,0.8218606349867562,0.06281027660302234,0.011387707640500278,5.064603320064056E-4
178,0.0018551750241860253,0.009489243733491793,0.009601416427557933,8.24566842916351E-4,0.001175446753657381,0.033066884571585284,0.7795469761759147,0.0014643885145683344,0.16239382412618447,5.820778299377943E-4
179,7.25833328090446E-4,0.18510847512273865,0.04987411749936795,0.5906276789344458,4.598910712344175E-4,0.006788337938059823,0.006769075579853316,5.729389277504512E-4,0.15884591487119454,2.2773672726474195E-4
180,0.001812447285815667,0.0015934747686254512,0.0017030639406724426,8.055757095334182E-4,0.26985093575494234,0.009273651594862466,0.009225552385996377,0.001430661233580123,0.7037359657077952,5.686716181763567E-4
181,9.705074283983953E-4,8.532546640221003E-4,0.13246083592752328,0.12375845351043235,6.149176176041903E-4,0.013187549422824659,8.290844843130606E-4,7.660732345582458E-4,0.1877265098343516,0.538832813875972
182,0.005216626848946026,0.004586375187948503,0.2037724318645117,0.0023186262619050726,0.0033052768685940836,0.004594896983631377,0.7557455209396106,0.004117761581949452,0.014705719925100587,0.0016367635378025968
183,0.003907487341148368,0.016089942559246777,0.18911451969770382,0.005425776483839121,0.423149381453394,3.633771507575286E-4,0.023069552399394844,3.2564396470213564E-4,0.33842487916629943,1.2943978351403113E-4
184,0.004833652887623108,0.008499895459239758,0.004820500139126269,0.005635725296660613,0.0010612289253089397,0.0029613922500588,0.6334624172858108,0.008480318022880242,0.3301764900840737,6.837964921780278E-5
185,6.516982786191964E-4,5.729627404137065E-4,0.36499601852296465,0.26253546878859785,0.30406596129740326,5.740273439857245E-4,5.567324014699929E-4,5.144201823181782E-4,0.06532823425473196,2.0447618949554175E-4
186,0.0020483292821899916,0.05385908894713325,0.2622158626113584,0.06164502005875512,0.4871746479842589,0.0018042045775461593,0.0017498454694266396,0.0016168554641948698,0.1272434638915349,6.426817136018296E-4
187,0.19211064424102064,0.08099484003062701,0.11820834658026075,0.0038498840176539526,0.005488134417949002,0.007629440221001446,0.007399571850736644,0.0068371969917356565,0.024417611858334902,0.5530643297906799
188,0.0025315524692843348,0.1094579240051133,0.00237877027271342,0.0011251953050579458,0.044496891735776964,0.012953058429884931,0.47398443612037666,0.0019982892782171016,0.3395563627119923,0.011517519671583012
