,T0,T1,T2
0,0.8955565138644055,0.029196221295898616,0.07524726483969583
1,0.8208523552901525,0.08076883984121734,0.09837880486863003
2,0.6000377535132044,0.010899786789234997,0.3890624596975607
3,0.9387974681392877,0.011321672047114565,0.04988085981359775
4,0.004345345243398156,0.018675389100398936,0.9769792656562029
5,0.7671302949658195,0.002187119297774242,0.23068258573640624
6,0.9652080386701163,0.020064461952075133,0.014727499377808604
7,0.9566175822445434,0.01469620311256487,0.02868621464289168
8,0.9920848398116188,0.002872402430141536,0.005042757758239636
9,0.20397445308782788,0.0034372273078065612,0.7925883196043656
10,0.7958420129582794,0.036422561529589656,0.16773542551213094
11,0.6078953634114753,0.004895351782530321,0.38720928480599437
12,0.3506996047934696,0.006013249072941797,0.6432871461335886
13,0.20122635274049652,0.0016402449610274776,0.797133402298476
14,0.7264074290753985,0.028877098339293413,0.2447154725853081
15,0.21144120681715492,0.017023665375231034,0.771535127807614
16,0.19544561911217342,0.02898118238952737,0.7755731984982992
17,0.8999048519500567,0.025300894820895342,0.07479425322904801
18,0.3129946453968953,0.015779068665675976,0.6712262859374287
19,0.8995910071931682,0.026139168593723467,0.07426982421310843
20,0.9779244508773854,0.018698906933556924,0.003376642189057556
21,0.03731404504326749,0.013741055263046104,0.9489448996936864
22,0.9017008157867867,0.08326349152350113,0.015035692689712174
23,0.06724420585435881,0.0015276165409628488,0.9312281776046785
24,0.0037456462702242965,0.010244201501998312,0.9860101522277773
25,0.7256118807449052,0.027566107750558132,0.2468220115045365
26,0.8535551201943884,0.002215721876266712,0.14422915792934485
27,0.6987349524900366,0.11937918015004033,0.18188586735992304
28,0.96101336395127,0.023161742484186332,0.01582489356454359
29,0.8192637382291812,0.06569602712082458,0.11504023464999409
30,0.03513208943657234,0.029629703980554895,0.9352382065828728
31,0.8152695320056289,0.007828248954443477,0.1769022190399276
32,0.07436299251460084,0.004806293533786331,0.9208307139516129
33,0.8548004316477656,0.014656782707762802,0.1305427856444715
34,0.8228905138714924,0.004259936428657237,0.17284954969985036
35,0.7870902008111085,0.06661551342814022,0.14629428576075126
36,0.7545893601397767,0.02738275802367528,0.21802788183654795
37,0.04421761452458867,0.007890678526699882,0.9478917069487115
38,0.052621414927598795,0.023026815322738675,0.9243517697496625
39,0.08670164538036762,0.011616232076544603,0.9016821225430879
40,0.8569612014237281,0.07994585987474635,0.06309293870152544
41,0.7499979394988768,0.022238503216285056,0.22776355728483813
42,0.5754557595900696,0.005508907028834033,0.41903533338109644
43,0.2622828936360056,0.015293026866271611,0.7224240794977229
44,0.877958267638919,0.011130628273020584,0.11091110408806029
45,0.008985760158030487,0.0115736813841494,0.9794405584578201
46,0.8644283091162741,0.0689102076162845,0.06666148326744133
47,0.7829499423568451,0.11406334557331987,0.10298671206983498
48,0.027148931330408608,0.008602739383584546,0.9642483292860069
49,0.9466470308861438,0.027895608274420648,0.025457360839435485
50,0.47132429848368124,0.07136845676244309,0.45730724475387563
51,0.8907587842250183,0.004956331275747616,0.10428488449923404
52,0.1646026054544613,0.017787470580955835,0.8176099239645829
53,0.8817848750080243,0.10527327275239359,0.012941852239582064
54,0.6528565850439714,0.30053777223531625,0.046605642720712326
55,0.901666346796672,0.008998134691563362,0.08933551851176452
56,0.3615928721668305,0.004259936428657238,0.6341471914045124
57,0.09646570585068183,0.017860408448864197,0.885673885700454
58,0.8349249212381193,0.04755372522700606,0.11752135353487457
59,0.05467805174809289,0.013088930735110093,0.932233017516797
60,0.77831134490815,0.21005984707956932,0.011628808012280691
61,0.12118850363718245,0.012941475604195595,0.865870020758622
62,0.3908697831674074,0.35128430799327026,0.25784590883932224
63,0.14150513331440367,0.0012934639711155327,0.8572014027144809
64,0.8469028599555732,0.01278454734654877,0.140312592697878
65,0.20410143506264347,0.005730960285111161,0.7901676046522453
66,0.6075123734828813,0.18365205634662657,0.20883557017049198
67,0.0604166207839734,0.03947823997689067,0.9001051392391359
68,0.7698287603718537,0.07883426939513219,0.15133697023301415
69,0.9656342461621769,0.017968139787483944,0.016397614050339127
70,0.7977691489374671,0.03151751000188676,0.1707133410606462
71,0.7103848443901061,0.012541474418768917,0.27707368119112497
72,0.016900496093546047,0.016297019274294566,0.9668024846321595
73,0.9597176309059505,0.032454381438588996,0.007827987655460411
74,0.018360547481263995,0.017391123232729157,0.9642483292860069
75,0.7053438562826655,0.029556282507680023,0.2650998612096544
76,0.03275272223775371,0.062377966674056186,0.9048693110881901
77,0.5979938068242138,0.3772743462704477,0.024731846905338428
78,0.7347273022452253,0.18235751026827143,0.08291518748650335
79,0.034639641818548644,0.01694598317927535,0.9484143750021761
80,0.8279174475650108,0.013266319815884968,0.1588162326191041
81,0.05838032465604596,0.06524303593737046,0.8763766394065835
82,0.7631131433011549,0.007986212502441642,0.22890064419640352
83,0.05547675275604771,0.046787987515851545,0.8977352597281008
84,0.03916677180840506,0.0072516396988207945,0.9535815884927741
85,0.9204602311176804,0.04024712947428239,0.03929263940803715
86,0.8863220359372803,0.0023829312842870293,0.11129503277843261
87,0.04387444605118289,0.007053104616200871,0.9490724493326164
88,0.4932100547317065,0.0218564692173536,0.48493347605093995
89,0.7778612843673842,0.0024795072674629864,0.2196592083651528
90,0.855158323075825,0.06438175439957504,0.08045992252459994
91,0.3149864132396621,0.022665582609193817,0.6623480041511441
92,0.10720075440569496,0.023339501735648065,0.869459743858657
93,0.18607285653905453,0.008310333778293053,0.8056168096826524
94,0.6795539329056428,0.006073381016121806,0.3143726860782354
95,0.9029747596508507,0.018412382853403908,0.07861285749574529
96,0.01716294873802984,0.019670632614745512,0.9631664186472246
97,0.5464392990805809,0.014267566356847552,0.4392931345625716
98,0.8148379486864011,0.023999991686514975,0.16116205962708383
99,0.14759211293527025,0.06027362693940493,0.7921342601253248
100,0.1544780099300439,0.03179647996306671,0.8137255101068894
101,0.7962954921330652,0.08902655917872165,0.11467794868821317
102,0.06490308608096026,0.009193622183551558,0.9259032917354881
103,0.08638993455763591,0.03406963971672057,0.8795404257256435
104,0.49784000469230694,0.014055859451593032,0.4881041358561001
105,0.9507941158850698,0.017090723555007115,0.03211516055992308
106,0.022583969662986147,0.014466889864401068,0.9629491404726129
107,0.8098812169583908,0.1643874983390121,0.025731284702597022
108,0.779179501751052,0.009523386301564749,0.2112971119473832
109,0.036643215036446415,0.04123222476073588,0.9221245602028176
110,0.4534874906320358,0.011968667077715116,0.534543842290249
111,0.7304557046851976,0.19507157766796984,0.07447271764683253
112,0.7454163561255268,0.21966927755344698,0.034914366321026104
113,0.9755648502575668,0.002235966644464025,0.022199183097969224
114,0.8421247414523724,0.006690216514233143,0.1511850420333943
115,0.7034006102425444,0.021188289899790946,0.27541109985766465
116,0.8384137576729147,0.11414804061054906,0.0474382017165362
117,0.02336881233544296,0.016853392190593112,0.9597777954739639
118,0.497870259574131,0.497097725722348,0.005032014703520914
119,0.1777068004950932,0.005208946217601224,0.8170842532873056
120,0.7499952238740922,0.03862658363494371,0.21137819249096407
121,0.6883227325186998,0.09478249367101348,0.21689477381028666
122,0.9168216288260748,0.008803356038110022,0.07437501513581524
123,0.9404288657889986,0.05515735415590255,0.004413780055098826
124,0.6493760287209442,0.2682468468408318,0.08237712443822391
125,0.6447759666044195,0.009569515949027566,0.34565451744655307
126,0.04493682961955877,0.002915173683362584,0.9521479966970786
127,0.46160093345722625,0.003652501346838905,0.5347465651959348
128,0.922493044274713,0.07445880914118691,0.0030481465841001
129,0.5853296248940041,0.006579062845651469,0.40809131226034445
130,0.010725501631191474,0.19497687829828167,0.794297620070527
131,0.023090387550093905,0.05216425292098298,0.9247453595289231
132,0.6936436018942765,0.04156456278642893,0.2647918353192945
133,0.9323524677923035,0.034967890931018375,0.032679641276678106
134,0.006748087104899277,0.00432270475026199,0.9889292081448388
135,0.02497751931905546,0.01221919742871271,0.9628032832522319
136,0.09254098553584775,0.0024423876508225953,0.9050166268133296
137,0.014002207507244922,0.14114103529705266,0.8448567571957024
138,0.07050468586096,0.008543223991410878,0.9209520901476292
139,0.061522783656923624,0.08162185775258989,0.8568553585904864
140,0.009247095532019012,0.008310592669993387,0.9824423117979876
141,0.9729718458887577,0.00499985682917129,0.02202829728207096
142,0.8389468101094458,0.025346940023578134,0.13570624986697602
143,0.2980331103160919,0.6297200490090069,0.07224684067490117
144,0.18539268223832778,0.06507229653883528,0.7495350212228369
145,0.9560115048792667,0.027895608274420648,0.016092886846312604
146,0.9244289688207581,0.0063240382744500345,0.06924699290479189
147,0.03711406385007809,0.013316784071143074,0.9495691520787788
148,0.00993687519852161,0.00322930734924905,0.9868338174522294
149,0.7790562451129313,0.11552047691772448,0.10542327796934434
150,0.9071737758049218,0.05102018763886121,0.04180603655621697
151,0.7297570992436335,0.24242934418924703,0.027813556567119545
152,0.176551456765867,0.061333042478452206,0.7621155007556808
153,0.5816858413452821,0.011386819040047834,0.40692733961467004
154,0.01647795748114013,0.031382474871974736,0.9521395676468851
155,0.17381173942906855,0.048517844292617504,0.7776704162783139
156,0.41978419230173397,0.005130739473504582,0.5750850682247615
157,0.9128786173247481,0.018043222816937928,0.06907815985831402
158,0.009424375337491384,0.002986321778003473,0.9875893028845051
159,0.6639430816415913,0.10000137539124367,0.23605554296716494
160,0.348765568012695,0.00952367044635124,0.6417107615409539
161,0.9354729433378169,0.03693896492279851,0.027588091739384455
162,0.008760285588733995,0.021377813602505142,0.9698619008087608
163,0.8808576719713553,0.02203978044470333,0.09710254758394128
164,0.5428872343382303,0.011794008463754346,0.44531875719801534
165,0.02710089318398732,0.015863095277282625,0.9570360115387301
166,0.7546737017345196,0.05604622568451063,0.18928007258096963
167,0.032000035906731554,0.08994199213380351,0.8780579719594649
168,0.4012950702416663,0.051777239175469364,0.5469276905828644
169,0.7146532209646625,0.14501794879798055,0.1403288302373568
170,0.5873888683638526,0.01043727495676724,0.4021738566793801
171,0.010915132922548467,0.04989525605459033,0.9391896110228612
172,0.021302493484951796,0.017966098405458306,0.9607314081095899
173,0.691187181351309,0.18195235882491836,0.12686045982377261
174,0.9239581220661525,0.006092851042545656,0.06994902689130189
175,0.9930940885606835,0.003982626791423506,0.002923284647892956
176,0.8726777069781954,0.05766405047121711,0.06965824255058756
177,0.8521841531428037,0.1156705062690325,0.03214534058816376
178,0.9867170679625875,0.0076602431794423114,0.0056226888579701696
179,0.04017717444693967,0.14113189816863989,0.8186909273844204
180,0.6276576216321729,0.007484531478931059,0.36485784688889605
181,0.6730854277450715,0.008117248641206278,0.3187973236137221
182,0.8755665469581876,0.06506005045155841,0.05937340259025408
183,0.17648665312368067,0.006946524945370757,0.8165668219309485
184,0.9587581339963306,0.023047781719495685,0.01819408428417375
185,0.03332312939041906,0.0026982150159432965,0.9639786555936376
186,0.009406822105197202,0.043000465585645804,0.947592712309157
187,0.8309477822419167,0.07121701570440117,0.09783520205368222
188,0.875276588003767,0.06374981563082545,0.06097359636540752
189,0.5527270456206342,0.0057754047176479025,0.441497549661718
190,0.3067175045302005,0.006243367608302267,0.6870391278614972
191,0.031776888373595644,0.0018201945157496902,0.9664029171106547
192,0.07789534365608465,0.011090270243039083,0.9110143861008763
193,0.03760242965669927,0.169304730234283,0.7930928401090177
194,0.8751492649253252,0.08619122112907843,0.03865951394559635
195,0.9142603603379053,0.017867084287739265,0.06787255537435549
196,0.13597157325440176,0.0015642332557312558,0.862464193489867
197,0.3145850540156387,0.11116896957538748,0.5742459764089738
198,0.9769033341338286,0.008381753190484242,0.01471491267568714
199,0.3828555847937236,0.0028808559793271913,0.6142635592269491
200,0.03270121303820766,0.013741055263046104,0.9535577316987464
201,0.004933196972323848,0.045196935810319055,0.9498698672173571
202,0.7607099499150864,0.051370107906120344,0.1879199421787932
203,0.8674923434217181,0.05082257513043885,0.08168508144784302
204,0.07055600872099009,0.002534464917537844,0.9269095263614722
205,0.9712906367530613,0.007600763036868666,0.021108600210070046
206,0.39969268041821976,0.01182409449829003,0.5884832250834902
207,0.05572353145486781,0.007307881624632437,0.9369685869204998
208,0.6146952561892772,0.001708971920682353,0.38359577189004046
209,0.9864902737470921,0.010840356953734755,0.0026693692991731806
210,0.8040121363422891,0.1231563410661082,0.07283152259160262
211,0.6821372069077185,0.03606369548457703,0.28179909760770444
212,0.9715739949078162,0.011000827041781423,0.01742517805040244
213,0.2339829962412091,0.0018760087399356106,0.7641409950188552
214,0.4227661494362551,0.010315148026416776,0.5669187025373281
215,0.15447218099283233,0.0030802943406509392,0.8424475246665167
216,0.6818330890519788,0.026020901713857097,0.29214600923416423
217,0.13763508412194808,0.00959258688907966,0.8527723289889723
218,0.10812673435909931,0.6462637318213532,0.24560953381954753
219,0.8348468838501075,0.009824404412638068,0.15532871173725446
220,0.030964241135127253,0.016922169425017668,0.9521135894398551
221,0.9142745828334357,0.055926503132860565,0.029798914033703747
222,0.5446437381956782,0.1326166426461721,0.32273961915814964
223,0.08732845466682677,0.03460266829145938,0.8780688770417139
224,0.7663286226653361,0.06822978889477017,0.16544158843989373
225,0.28856715209097006,0.006406820923853774,0.7050260269851761
226,0.11239417410339997,0.16095755837798303,0.726648267518617
227,0.6227016018705821,0.03954553345418451,0.3377528646752335
228,0.9328847185939111,0.024032150537440865,0.04308313086864803
229,0.10002839159835322,0.07276120222357636,0.8272104061780704
230,0.7414481300191921,0.06810696183867876,0.19044490814212905
231,0.02667474850214615,0.0208551172254881,0.9524701342723658
232,0.029988065258048317,0.008055663578312668,0.961956271163639
233,0.011092704122806009,0.019570922214446246,0.9693363736627477
234,0.02781828534711359,0.006805253062442698,0.9653764615904437
235,0.8989339659338141,0.043226723408481535,0.05783931065770427
236,0.004395652417112602,0.03623633184386875,0.9593680157390188
237,0.10716033985251777,0.2100487834788647,0.6827908766686176
238,0.22801585483531284,0.008077507279705114,0.763906637884982
239,0.9618848831979305,0.011569333594142825,0.026545783207926773
240,0.9447210533531862,0.024129137840399984,0.03114980880641379
241,0.046026925422207245,0.023626998693219624,0.9303460758845732
242,0.5772522969744801,0.04900550327956384,0.3737421997459561
243,0.2237243697965105,0.010805167825538357,0.7654704623779511
244,0.06380158403702126,0.007720661594034172,0.9284777543689445
245,0.3724528210374513,0.049251706775052834,0.5782954721874958
246,0.9110160116169155,0.003389618066407408,0.08559437031667709
247,0.0020754792202139992,0.009487430694923738,0.9884370900848624
248,0.45290916469720965,0.1289737642934532,0.41811707100933704
249,0.02391424631939884,0.0044276689134721305,0.9716580847671291
250,0.036716437175517425,0.03267581947356932,0.9306077433509133
251,0.40732189457358053,0.05651829435137844,0.536159811075041
252,0.624838510197218,0.11767053706127913,0.2574909527415028
253,0.6907162087720354,0.17221109922533692,0.1370726920026276
254,0.4238747698726174,0.07175643916791824,0.5043687909594643
255,0.17011083221395193,0.021667394606191652,0.8082217731798564
256,0.9817066159961289,0.010549761878618334,0.007743622125252723
257,0.8578579088207346,0.0275400784665749,0.11460201271269037
258,0.05260006729940962,0.05838530967406653,0.8890146230265239
259,0.6025631433436435,0.2885918532999661,0.10884500335639041
260,0.04303289421571787,0.40368105951153893,0.5532860462727431
261,0.9481888257836315,0.017945598682411242,0.03386557553395726
262,0.9309290023913124,0.06569435541963006,0.003376642189057556
263,0.30146547536626367,0.005665233061805741,0.6928692915719306
264,0.07406116231556382,0.0062873799753873074,0.9196514577090489
265,0.21255618106470553,0.005765333439597161,0.7816784854956974
266,0.7611183723664909,0.0043546915678362,0.23452693606567282
267,0.08773847950350044,0.6893188530102333,0.22294266748626612
268,0.10225315822183081,0.008364561474060018,0.8893822803041093
269,0.03287871687113257,0.0903106562117336,0.8768106269171339
270,0.003228707138074992,0.004158582806754905,0.9926127100551702
271,0.966834540983869,0.023161742484186332,0.010003716531944627
272,0.08150467461431826,0.04022145860796978,0.8782738667777119
273,0.4437950085726163,0.06768342787024824,0.4885215635571355
274,0.2226116723257221,0.008491990461268322,0.7688963372130095
275,0.3109923027149878,0.10160728782012317,0.587400409464889
276,0.8135951425924844,0.05829716198292719,0.12810769542458836
277,0.014839367842858317,0.02826176053540035,0.9568988716217415
278,0.17813112007934107,0.005500139118547118,0.8163687408021117
279,0.5618414068433434,0.1720739041118451,0.26608468904481153
280,0.034449205408012204,0.009616158203585674,0.9559346363884021
281,0.8144853884439827,0.009712367569258726,0.17580224398675856
282,0.3970411565532652,0.013762594370174146,0.5891962490765607
283,0.8785548581744591,0.11507466590863705,0.0063704759169037565
284,0.35520198537481845,0.13138301048418846,0.5134150041409931
285,0.9370751946978461,0.014762509937786644,0.04816229536436726
286,0.34360967603509246,0.07300257045872682,0.5833877535061808
287,0.5389918310415287,0.010327161513124041,0.4506810074453472
288,0.0333211073833423,0.019746173932285623,0.946932718684372
289,0.8928401931266752,0.0027825853933972984,0.1043772214799275
290,0.9293929990591825,0.014234040608498649,0.056372960332318894
291,0.007154422733230276,0.013846832335027483,0.9789987449317422
292,0.03653406143651379,0.056188227924253334,0.9072777106392329
293,0.7400405398355744,0.005568549340291059,0.2543909108241345
294,0.38252394277316837,0.00705310461620087,0.6104229526106307
295,0.8515504118294054,0.009569655384328505,0.13887993278626612
296,0.9506828217334791,0.0458855684494589,0.0034316098170620495
297,0.033181416894068325,0.004015299853699847,0.9628032832522319
298,0.8111627103299394,0.16040543872706983,0.028431850942990767
299,0.9930797389148674,0.00438853140708116,0.002531729678051371
300,0.38002695051586266,0.005183200095372952,0.6147898493887642
301,0.5142731916398694,0.0832934999763889,0.40243330838374164
302,0.02826779672504933,0.0039032240768150455,0.9678289791981357
303,0.4661699434759148,0.006243367608302267,0.527586688915783
304,0.59477419948556,0.006535139928425162,0.3986906605860148
305,0.7454163561255268,0.09145363210482586,0.16313001176964723
306,0.15195407266458252,0.25203359160657335,0.5960123357288442
307,0.780656835645725,0.03338719272422982,0.18595597163004526
308,0.7499962046657471,0.005025378213013892,0.244978417121239
309,0.07583532046806774,0.010651341588675327,0.9135133379432571
310,0.1777184032147488,0.008310333778293053,0.8139712630069581
311,0.08596264807456577,0.0017869663455851517,0.912250385579849
312,0.26516623735039196,0.007844403467449926,0.7269893591821581
313,0.8590896027468644,0.13577038902223512,0.00514000823090046
314,0.8702297506238181,0.03939002242665647,0.09038022694952536
315,0.1222519757085208,0.014156411744061927,0.8635916125474173
316,0.6738640845063825,0.1841454355739556,0.1419904799196619
317,0.8113117343016232,0.1150171248316506,0.07367114086672616
318,0.08873032621021569,0.07544011195674925,0.8358295618330351
319,0.9551187653566804,0.030852893179711065,0.014028341463608493
320,0.10801531223154155,0.009258089526280997,0.8827265982421775
321,0.8450813101035122,0.005475110282785752,0.14944357961370208
322,0.533417616948805,0.4465049011294543,0.02007748192174085
323,0.6001694260707644,0.11768622204077521,0.2821443518884604
324,0.9529328320108175,0.04317887614701637,0.0038882918421660946
325,0.013651215890828163,0.012268684185859507,0.9740800999233123
326,0.2287884453650526,0.008218382797257704,0.7629931718376898
327,0.7983889286856526,0.030030391496721622,0.1715806798176258
328,0.003448712356772856,0.006568115556856287,0.9899831720863709
329,0.5076496037910709,0.007130138716539759,0.4852202574923892
330,0.7845590444740135,0.18411693521537562,0.03132402031061085
331,0.5787406056324236,0.004015299853699846,0.4172440945138764
332,0.9080736408876431,0.027072303730278524,0.0648540553820783
333,0.9201641145040343,0.028972350028713015,0.05086353546725271
334,0.9112234057504706,0.0020989651635278674,0.08667762908600159
335,0.3890312033359959,0.10258387851589855,0.5083849181481056
336,0.895487236077879,0.07521429681730576,0.0292984671048152
337,0.48936504968727834,0.001530004238090727,0.5091049460746309
338,0.8545261730617323,0.01637284518644282,0.1291009817518249
339,0.6806648400926671,0.0266478908693334,0.2926872690379994
340,0.8165020480220537,0.013431274205428428,0.17006667777251783
341,0.20609477623896694,0.06855287947641997,0.7253523442846131
342,0.8685228373019168,0.01770227195460723,0.11377489074347591
343,0.8267565207011094,0.014466889864401065,0.15877658943448944
344,0.4766759949179491,0.3338396930560728,0.18948431202597799
345,0.2240071570735156,0.0358743383797741,0.7401185045467104
346,0.048784980323703854,0.022038808018702956,0.9291762116575931
347,0.5474203894587204,0.01532081798570531,0.4372587925555744
348,0.8456536403221889,0.012916222934809235,0.14143013674300178
349,0.02685789813669946,0.038295510261416366,0.9348465916018842
350,0.21712659136131152,0.00745694231323528,0.7754164663254531
351,0.14802201316470354,0.004515391252926433,0.8474625955823701
352,0.8554579676254296,0.005764229108370046,0.1387778032662005
353,0.42689390675474825,0.033689640143316435,0.5394164531019353
354,0.6615358618328631,0.13338229838830098,0.20508183977883593
355,0.9603204183430565,0.0057994909774251,0.03388009067951842
356,0.9418155596081296,0.0073349692657673805,0.05084947112610289
357,0.03126608336443156,0.007484531478931059,0.9612493851566374
358,0.0663406859656372,0.08692858539836419,0.8467307286359986
359,0.37804487295481093,0.009003626607062273,0.6129515004381269
360,0.9739147262219894,0.005985761697223437,0.020099512080787228
361,0.058429761218566155,0.02623408134449497,0.915336157436939
362,0.41686478660210396,0.5187862741126923,0.0643489392852037
363,0.9379970052519974,0.03896191236433581,0.023041082383666797
364,0.02670447092069416,0.048517844292617504,0.9247776847866883
365,0.00773641730095466,0.014055859451593034,0.9782077232474524
366,0.38601240489371696,0.0034013963024064984,0.6105861988038767
367,0.977292210874048,0.016659090809663744,0.006048698316288198
368,0.0077917617996518815,0.049925228590583466,0.9422830096097647
369,0.973236707951353,0.019634325038469375,0.007128967010177554
370,0.47904050872834564,0.07458802937237241,0.4463714618992819
371,0.7499910700470777,0.2413299359792659,0.008678993973656316
372,0.796486418577655,0.08243784918770782,0.1210757322346371
373,0.6763856914587857,0.03538536422350912,0.28822894431770507
374,0.8101754335118047,0.10930166710953866,0.08052289937865668
375,0.8639069662919137,0.003534555819866723,0.13255847788821964
376,0.7923704804514139,0.01382855871098499,0.19380096083760107
377,0.06164220523757983,0.008084088125720883,0.9302737066366994
378,0.6846914379622395,0.049624023071650564,0.2656845389661099
379,0.014990414302628853,0.014586041548349759,0.9704235441490213
380,0.852590401325046,0.01571681605948342,0.13169278261547052
381,0.4149755913081985,0.021559540646633957,0.5634648680451675
382,0.15268652933558527,0.006057254047035995,0.8412562166173787
383,0.783075262194115,0.019236865004260122,0.19768787280162484
384,0.57802888046887,0.026363449635788135,0.39560766989534174
385,0.9686094905731358,0.016800525369472297,0.014589984057391847
386,0.017951820946695903,0.23697129120142074,0.7450768878518834
387,0.06032439728459974,0.0734493072268923,0.8662262954885078
388,0.8906127936606538,0.0925841787945857,0.016803027544760464
389,0.075646341477106,0.0788376450089356,0.8455160135139584
390,0.033954213707791184,0.014267566356847556,0.9517782199353614
391,0.9677890850733891,0.025951435901732867,0.006259479024877978
392,0.06422986560524609,0.029338912444345645,0.9064312219504084
393,0.9142702436448863,0.010902256553526352,0.07482749980158733
394,0.006126355022149289,0.05050368239119729,0.9433699625866535
395,0.5808526342302454,0.03194277558867161,0.38720459018108294
396,0.7701423933901596,0.07983664722716331,0.15002095938267723
397,0.8812683720618353,0.015986195048954117,0.10274543288921051
398,0.7499976809558443,0.015618212053909224,0.2343841069902464
399,0.8774936178053205,0.06828229854033582,0.054224083654343655
400,0.8636399798143011,0.013677961126199206,0.12268205905949968
401,0.6744221992777684,0.31475507084456644,0.010822729877665157
402,0.9866417639950267,0.003536573959897774,0.009821662045075582
403,0.9506040153092242,0.03769472191962451,0.011701262771151242
404,0.04570439034691244,0.004999856829171289,0.9492957528239162
405,0.5541615394887873,0.017544828557668948,0.42829363195354375
406,0.1546132825745571,0.01665135857647309,0.8287353588489699
407,0.007467061961672662,0.010646959286256641,0.9818859787520706
408,0.026749685170893794,0.01170992787080231,0.9615403869583039
409,0.005774630174435519,0.008233794319102141,0.9859915755064623
410,0.9373108913426752,0.007972176461846168,0.054716932195478574
411,0.8543660760482773,0.07402477515821913,0.07160914879350345
412,0.9206344483246731,0.027566107750558132,0.051799443924768686
413,0.9543896142114179,0.00215712899442917,0.04345325679415298
414,0.009657033348025828,0.008679013889073783,0.9816639527629004
415,0.5787403769588437,0.003975350678121651,0.41728427236303467
416,0.1150327698218547,0.034967890931018375,0.8499993392471269
417,0.4232775495182945,0.0076602431794423114,0.5690622073022632
418,0.9830899659875343,0.0035238426963302835,0.013386191316135443
419,0.18080589752257095,0.03427550122379207,0.784918601253637
420,0.5043043184089948,0.0011836894714641279,0.49451199211954106
421,0.3908697831674074,0.35128430799327026,0.25784590883932224
422,0.37525893233697244,0.2048104684899638,0.4199305991730638
423,0.8369723267235131,0.1250126326568753,0.038015040619611584
424,0.007397400508130173,0.005388836033589812,0.98721376345828
425,0.9537918446048765,0.014479878849970918,0.031728276545152555
426,0.011738591915817446,0.33387243657205545,0.654388971512127
427,0.015111005469233977,0.04150663255182582,0.9433823619789402
428,0.722373499459573,0.005877969872619311,0.2717485306678078
429,0.11304463818411895,0.09523464359186845,0.7917207182240127
430,0.2405938652510938,0.11514293361339466,0.6442632011355116
431,0.879132032785319,0.021188289899790946,0.09967967731488997
432,0.938208110934091,0.022099784803063294,0.0396921042628457
433,0.9680672772388289,0.025727304231886683,0.0062054185292843836
434,0.028638434163740404,0.006855520069701146,0.9645060457665585
435,0.020352154564537962,0.06574281610291324,0.9139050293325489
436,0.480653640176386,0.029152622090941115,0.4901937377326729
437,0.9339513163799654,0.036174365101216015,0.02987431851881858
438,0.2402393360304788,0.010585060197146775,0.7491756037723744
439,0.001977505770483774,0.0017772331759898909,0.9962452610535264
440,0.8181419851909351,0.0267168683019773,0.15514114650708766
441,0.015062948303482829,0.011786269045597386,0.9731507826509198
442,0.3908697831674074,0.35128430799327026,0.25784590883932224
443,0.7097283057690478,0.0033547677495696306,0.2869169264813825
444,0.279924691540291,0.020293929335280382,0.6997813791244286
445,0.007056369161138541,0.00680440287605095,0.9861392279628105
446,0.047957208878532456,0.00333192962038093,0.9487108615010865
447,0.23066497197019795,0.006623580173033635,0.7627114478567685
448,0.00486706435621733,0.022248324780907422,0.9728846108628753
449,0.9319831276960817,0.02590651749561762,0.042110354808300623
450,0.6412777767139839,0.2534091907940541,0.10531303249196196
451,0.014761272940104618,0.013266319815884968,0.9719724072440105
452,0.02563040813949655,0.04025163397033743,0.934117957890166
453,0.3462565251948604,0.03317730433588031,0.6205661704692592
454,0.030251784434234857,0.02401603616118711,0.945732179404578
455,0.008165521808079876,0.019926405527784772,0.9719080726641354
456,0.18271455594028657,0.11891088136173471,0.6983745626979787
457,0.7928738361361736,0.18445058653935914,0.022675577324467237
458,0.09639527827406723,0.12504091474592122,0.7785638069800116
459,0.7762034213466936,0.20954765024929026,0.014248928404016085
460,0.11535480175371221,0.018544040050121804,0.866101158196166
461,0.008465548430667472,0.003966488851297139,0.9875679627180355
462,0.05867024961967037,0.01906678553306838,0.9222629648472612
463,0.3990843800508769,0.5390690347446943,0.0618465852044289
464,0.9234869631862624,0.05569896076111476,0.02081407605262278
465,0.8842609149105736,0.09522858782383097,0.02051049726559538
466,0.47404902028684087,0.011025048292283035,0.5149259314208761
467,0.5372801216227392,0.05222236794286388,0.41049751043439686
468,0.6403740727355614,0.0246789524195247,0.3349469748449138
469,0.23162797366917598,0.015865587426469555,0.7525064389043545
470,0.08673997194166254,0.8109711114756727,0.10228891658266469
471,0.6515744601165845,0.04775392856163871,0.3006716113217767
472,0.8466251085653833,0.03598260412786644,0.11739228730675016
473,0.314375217626887,0.019887472397885776,0.6657373099752272
474,0.7164362961575214,0.02784815618643631,0.25571554765604226
475,0.24299509043602194,0.6810527702811819,0.07595213928279619
476,0.2234734526878398,0.003413256677790649,0.7731132906343696
477,0.8212810741515818,0.013762594370174146,0.16495633147824398
478,0.19740691755385015,0.0029238812421422066,0.7996692012040076
479,0.9352152796608262,0.05735277953702275,0.007431940802150994
480,0.12236696768642205,0.00589325591670348,0.8717397763968744
481,0.6844919233756201,0.2946973644533862,0.020810712170993513
482,0.5682059563238143,0.016254471207756922,0.4155395724684286
483,0.23616023144312312,0.27959108080025713,0.4842486877566196
484,0.5686779095163984,0.39046067797041695,0.04086141251318454
485,0.6784720128060111,0.03096574760296531,0.29056223959102356
486,0.06516598518557977,0.018190446357619322,0.916643568456801
487,0.6747267626797695,0.2813001030379144,0.04397313428231599
488,0.4346017516961336,0.010107313368395222,0.5552909349354712
489,0.693315485505754,0.018760253272792522,0.28792426122145354
490,0.08267959096710918,0.02275677293213927,0.8945636361007516
491,0.2720625305202657,0.09614223813858241,0.6317952313411519
492,0.15414722799335967,0.8343797530349832,0.011473018971657032
493,0.9813036183888212,0.01078216987890136,0.007914211732277396
494,0.24886411253469515,0.0018304052875161396,0.7493054821777887
495,0.11025559482702063,0.023311340914006006,0.8664330642589734
496,0.011558334957118565,0.014073106960215912,0.9743685580826654
497,0.77181070751019,0.008575806561782404,0.21961348592802757
498,0.025085321307836864,0.04403884221272633,0.9308758364794367
499,0.5460286292803042,0.04494234237318896,0.4090290283465069
500,0.5894148441229277,0.04960802943587133,0.3609771264412009
501,0.29913016293094996,0.6317353948866423,0.06913444218240777
502,0.8982900024361171,0.004133107116140193,0.0975768904477427
503,0.024365228573786986,0.023495203779327883,0.9521395676468851
504,0.006650018064424138,0.030398562843577705,0.9629514190919982
505,0.016627594290371348,0.01603386215028409,0.9673385435593447
506,0.03902393072193428,0.009341618984238005,0.9516344502938278
507,0.8706866888096723,0.045734639364282514,0.08357867182604505
508,0.4837247838825098,0.015550546108771292,0.5007246700087189
509,0.062063744897480067,0.10770186474559107,0.8302343903569289
510,0.06424099957749851,0.010327161513124041,0.9254318389093774
511,0.027137031268180452,0.005322613420095648,0.9675403553117239
512,0.921430837627369,0.0498251774692612,0.028743984903369796
513,0.39971018421198373,0.011150637537477371,0.5891391782505389
514,0.43595984542585225,0.5476309179141171,0.01640923666003059
515,0.014938995797342685,0.009569655384328506,0.9754913488183289
516,0.09828739207535658,0.0036707548348317155,0.8980418530898118
517,0.8371633792453289,0.02042309500372557,0.14241352575094554
518,0.033788813862073414,0.011120809320889206,0.9550903768170373
519,0.819828726055962,0.012213137666360622,0.1679581362776774
520,0.5670233232449345,0.019362488055166997,0.41361418869989836
521,0.1607479280390962,0.002015033405628838,0.837237038555275
522,0.37954453379611514,0.02801703860696677,0.5924384275969182
523,0.7186171873789191,0.03547227177214873,0.24591054084893216
524,0.4387571793678444,0.0213791136925241,0.5398637069396315
525,0.09892609213253573,0.021893747963624883,0.8791801599038394
526,0.04796906717078902,0.03368964014331644,0.9183412926858946
527,0.8897415564442122,0.08628066785596217,0.02397777569982565
528,0.9125668534552079,0.06711343722190927,0.020319709322882774
529,0.015499939672224104,0.10371119905981735,0.8807888612679585
530,0.09554788490447934,0.004899609539782307,0.8995525055557384
531,0.9598172063122442,0.013956725520494038,0.02622606816726171
532,0.00670068518192303,0.003139571321081446,0.9901597434969954
533,0.02681529980335972,0.005157773734357348,0.968026926462283
534,0.9640463225981206,0.014625911619593989,0.02132776578228535
535,0.9345646317232279,0.04149629114911298,0.023939077127658994
536,0.23340244056516496,0.024195614303652385,0.7424019451311826
537,0.6718350554477742,0.04418459430686207,0.2839803502453637
538,0.8168826538983796,0.004515391252926432,0.17860195484869398
539,0.909944526585294,0.025077551345757995,0.06497792206894795
540,0.9603761291018496,0.020717347117687534,0.01890652378046285
541,0.9544924670954028,0.010442568083187921,0.03506496482140925
542,0.92937525490817,0.022131109627624282,0.048493635464205674
543,0.07402425251782256,0.0242606036094849,0.9017151438726926
544,0.49376676090097027,0.45051084600216496,0.05572239309686478
545,0.153559503618291,0.010310445131360386,0.8361300512503487
546,0.3908697831674074,0.35128430799327026,0.25784590883932224
547,0.006968903414088276,0.0066009501184576104,0.9864301464674541
548,0.18433902756882084,0.00247253434221873,0.8131884380889604
549,0.7251877712210868,0.009712367569258726,0.2650998612096544
550,0.09875362780993724,0.027566107750558132,0.8736802644395045
551,0.7559912543121483,0.005869034840473893,0.23813971084737776
552,0.23486941000129283,0.011891479574093707,0.7532391104246134
553,0.9142209749726222,0.01724094167247795,0.06853808335489979
554,0.9065529610472195,0.009388056420723184,0.0840589825320573
555,0.8926478565649045,0.00805566357831267,0.09929647985678283
556,0.5255972681981135,0.01141059986810089,0.4629921319337856
557,0.9176994704674127,0.02167935983056336,0.060621169702023754
558,0.5421615387472574,0.004162053957622848,0.45367640729511977
559,0.3908697831674074,0.35128430799327026,0.25784590883932224
560,0.006472337582438934,0.006130602620367546,0.9873970597971935
561,0.4129236368568546,0.006406820923853774,0.5806695422192916
562,0.022483284316490302,0.04997094933650447,0.9275457663470051
563,0.1071646952362392,0.004354691567836201,0.8884806131959246
564,0.9127610611236047,0.017622289326247105,0.06961664955014818
565,0.012324741426702458,0.002950318851985742,0.9847249397213118
566,0.09135057921601004,0.05925763506926908,0.849391785714721
567,0.3182386499730246,0.027355382963707493,0.6544059670632679
568,0.03171418605473318,0.11975721990329183,0.848528594041975
569,0.026081211985743386,0.006243367608302268,0.9676754204059544
570,0.30616877417598404,0.015802575376963043,0.678028650447053
571,0.09789825612542971,0.0042033403374510045,0.8978984035371192
572,0.9499141449474484,0.021099783091578884,0.028986071960972595
573,0.8563313765771501,0.005077512325605798,0.13859111109724406
574,0.06768899288307885,0.07405616975700312,0.8582548373599181
575,0.03139395147531775,0.00886585400423151,0.9597401945204507
576,0.9892012596620812,0.007922268210328336,0.002876472127590482
577,0.02224963306692202,0.059737098970149574,0.9180132679629285
578,0.04764666529571954,0.060347358805479936,0.8920059758988006
579,0.04174492855076344,0.015231799127198532,0.9430232723220381
580,0.834041106247857,0.0015974177828147224,0.16436147596932835
581,0.11428318779996982,0.010609040950207285,0.875107771249823
582,0.0045047317393155555,0.008184392559477933,0.9873108757012066
583,0.3364923788005161,0.0037392146478614583,0.6597684065516225
584,0.9774616967131086,0.019695968323283453,0.0028423349636079484
585,0.017795573160525806,0.04777858187249327,0.934425844966981
586,0.006024693346220928,0.03860284749871145,0.9553724591550677
587,0.06962507659118877,0.006910331716586948,0.9234645916922244
588,0.7211616875548631,0.14988722624346376,0.12895108620167306
589,0.08163641496732212,0.002454200963235392,0.9159093840694426
590,0.13283952438677976,0.04632040597094314,0.8208400696422772
591,0.004978292949750303,0.004474114575113655,0.9905475924751361
592,0.010305751204452943,0.015068242473067452,0.9746260063224795
593,0.9575997297899984,0.008835693789367952,0.033564576420633534
594,0.9116706097472044,0.018024757171989418,0.07030463308080612
595,0.6167046851489373,0.008998134691563362,0.37429718015949925
596,0.038687513111586115,0.011422659626992987,0.9498898272614209
597,0.945907294523833,0.006088046978051639,0.048004658498115235
598,0.06065111947662313,0.011973621517386195,0.9273752590059907
599,0.07698599825284086,0.021893747963624883,0.9011202537835342
600,0.02900969921493554,0.022941875803972948,0.9480484249810914
601,0.21597902301029182,0.0012285299458797854,0.7827924470438283
602,0.9244289688207581,0.019245056418647506,0.05632597476059442
603,0.10110763632827757,0.039873866787287104,0.8590184968844353
604,0.2975852303904883,0.591888632530842,0.11052613707866973
605,0.3405379714909431,0.20018785634130118,0.4592741721677556
606,0.5590898818496567,0.015982717871734872,0.4249274002786085
607,0.9108586584627281,0.06415200468789911,0.02498933684937281
608,0.652216053988644,0.22232309555348162,0.12546085045787422
609,0.7782435057037574,0.0420825082062979,0.17967398608994462
610,0.005530063290295756,0.007885077022852544,0.9865848596868516
611,0.03149058135545598,0.0059254166827524745,0.9625840019617916
612,0.9857872960646215,0.0051577737343573475,0.009054930201021149
613,0.05115764467356239,0.03700642282993912,0.9118359324964984
614,0.04630824254846059,0.011035482518550294,0.9426562749329891
615,0.03806404959193078,0.07110482214879837,0.8908311282592709
616,0.13254061854529134,0.006945828856128731,0.86051355259858
617,0.7835945880526619,0.009170525350827779,0.20723488659651032
618,0.9542429638953206,0.04268370256091816,0.003073333543761219
619,0.21991410513660659,0.028723045648955257,0.7513628492144382
620,0.7331766418440925,0.05963884507144612,0.20718451308446134
